1     M -0.3838   [-1.194,0.1567]  0.9716    1/70
    2     G -0.3838   [-1.135,0.1567]  0.9716    1/70
    3     S -0.3838   [-1.194,0.03761]  0.9716    1/70
    4     N  0.5689   [-0.3457, 1.148]   1.123    3/70
    5     P  0.3775   [-0.5021,0.8541]   1.057    4/70
    6     P -0.2655   [-0.8372,0.1567]  0.7397    7/70
    7     A   1.071   [0.1567, 1.595]   1.034    9/70
    8     S  0.1191   [-0.5746,0.6279]  0.8653   11/70
    9     P 0.03806   [-0.5746,0.4458]  0.7582   13/70
   10     L -0.1532   [-0.6437,0.1567]  0.5873   17/70
   11     Q  0.9381   [0.1567, 1.595]  0.8953   18/70
   12     D   1.015   [0.2911, 1.595]  0.8491   23/70
   13     N   1.818   [0.8541, 2.728]  0.8338   31/70
   14     L   1.135   [0.4458, 1.595]  0.7285   45/70
   15     V -0.9324   [-1.194,-0.7749]  0.2543   60/70
   16     I -0.6326   [-0.8984,-0.4265]  0.2922   63/70
   17     A  -1.471   [-1.641,-1.381]  0.1255   64/70
   18     L -0.4655   [-0.7749,-0.2609]  0.3669   64/70
   19     H -0.2814   [-0.6437,-0.07015]  0.3903   61/70
   20     S -0.6184   [-0.8984,-0.4265]  0.3194   61/70
   21     Y -0.7518   [-1.018,-0.5746]  0.3258   61/70
   22     E  0.9568   [0.4458, 1.148]  0.5821   61/70
   23     P -0.5346   [-0.8372,-0.3457]  0.3037   61/70
   24     S  0.5307   [0.03761,0.8541]  0.4926   61/70
   25     H  0.2101   [-0.1699,0.4458]  0.4355   61/70
   26     D   1.974   [ 1.148, 2.728]   0.737   62/70
   27     G   1.052   [0.4458, 1.595]  0.6019   64/70
   28     D -0.6889   [-0.958,-0.5021]  0.2802   68/70
   29     L  -1.236   [-1.451,-1.135]  0.2163   70/70
   30     G -0.7649   [-1.018,-0.6437]  0.2449   70/70
   31     F -0.4532   [-0.7749,-0.2609]  0.3532   70/70
   32     E   1.937   [ 1.148, 2.728]  0.7225   70/70
   33     K -0.06233   [-0.4265,0.1567]  0.3802   70/70
   34     G -0.9208   [-1.194,-0.7749]  0.2797   69/70
   35     E -0.4746   [-0.7749,-0.2609]  0.3146   69/70
   36     Q  0.8027   [0.2911, 1.148]  0.5375   70/70
   37     L -0.2631   [-0.5746,-0.07015]  0.3712   70/70
   38     R    1.24   [0.6279, 1.595]  0.6358   70/70
   39     I -0.6616   [-0.8984,-0.5021]  0.2694   70/70
   40     L -0.2322   [-0.5746,0.03761]  0.3929   70/70
   41     E -0.003534   [-0.3457,0.2911]  0.3839   70/70
   42     Q  0.9515   [0.4458, 1.148]  0.5669   70/70
   43     S   0.607   [0.1567,0.8541]   0.472   70/70
   44     G  0.9437   [0.2911, 1.148]  0.6137   67/70
   45     E  0.1067   [-0.2609,0.2911]  0.4103   67/70
   46     W -0.9463   [-1.254,-0.7098]  0.3586   69/70
   47     W -0.1619   [-0.5746,0.1567]  0.4864   69/70
   48     K  0.4821   [0.03761,0.8541]  0.4708   69/70
   49     A  -0.976   [-1.194,-0.8372]  0.2216   69/70
   50     Q 0.07665   [-0.2609,0.2911]   0.402   69/70
   51     S -0.6265   [-0.8984,-0.4265]  0.2781   69/70
   52     L   1.359   [0.6279, 1.595]  0.7122   69/70
   53     T   1.773   [0.8541, 2.728]   0.772   66/70
   54     T -0.02373   [-0.4265,0.2911]  0.4226   51/70
   55     G -0.4687   [-0.7749,-0.2609]  0.3784   59/70
   56     Q   1.962   [ 1.148, 2.728]  0.7685   59/70
   57     E 0.01209   [-0.3457,0.2911]  0.3963   68/70
   58     G  -1.445   [-1.641,-1.381]  0.1647   70/70
   59     F   1.008   [0.4458, 1.595]  0.6175   70/70
   60     I -0.6663   [-0.8984,-0.5021]  0.2666   70/70
   61     P  -1.254   [-1.451,-1.135]  0.2041   70/70
   62     F -0.7113   [-0.958,-0.5746]  0.2595   70/70
   63     N  -1.113   [-1.316,-1.018]  0.1812   70/70
   64     F -0.05358   [-0.4265,0.1567]  0.4273   70/70
   65     V  -1.135   [-1.316,-1.018]  0.1869   70/70
   66     A -0.7625   [-1.018,-0.5746]  0.2888   57/70
   67     K   1.589   [0.6279, 2.728]  0.8204   57/70
   68     A   2.007   [ 1.148, 2.728]  0.7683   57/70
   69     N  0.5225   [0.03761,0.8541]    0.49   57/70
   70     S -0.3801   [-0.7098,-0.1699]  0.3325   64/70
   71     L  -0.103   [-0.5021,0.1567]  0.4232   67/70
   72     E  -0.358   [-0.6437,-0.1699]  0.3492   67/70
   73     P  0.9906   [0.4458, 1.148]  0.5702   70/70
   74     E -0.3422   [-0.6437,-0.1699]   0.327   70/70
   75     P  0.2304   [-0.1699,0.4458]  0.4305   70/70
   76     W  -1.328   [-1.641,-1.194]  0.2537   70/70
   77     F -0.4126   [-0.7098,-0.1699]  0.3672   69/70
   78     F -0.4565   [-0.7749,-0.2609]  0.3236   69/70
   79     K  -0.622   [-0.8984,-0.4265]  0.3147   70/70
   80     N    0.97   [0.4458, 1.148]  0.5334   70/70
   81     L -0.4705   [-0.7749,-0.2609]  0.2949   70/70
   82     S -0.4682   [-0.7749,-0.2609]  0.3019   70/70
   83     R  -1.405   [-1.641,-1.316]  0.1479   70/70
   84     K  0.8263   [0.2911, 1.148]  0.5215   70/70
   85     D  0.2673   [-0.1699,0.4458]  0.4238   70/70
   86     A  -1.291   [-1.451,-1.194]  0.1508   70/70
   87     E -0.7829   [-1.018,-0.6437]  0.2687   70/70
   88     R  0.7465   [0.2911, 1.148]  0.4914   70/70
   89     Q -0.04738   [-0.4265,0.1567]  0.4167   70/70
   90     L  -1.447   [-1.641,-1.381]  0.1637   70/70
   91     L  0.6373   [0.1567,0.8541]  0.5233   69/70
   92     A  0.6694   [0.1567,0.8541]  0.4833   70/70
   93     P   1.655   [0.8541, 2.728]  0.7413   70/70
   94     G   1.024   [0.4458, 1.595]  0.6333   63/70
   95     N -0.7729   [-1.076,-0.5746]   0.337   45/70
   96     T   1.341   [0.6279, 1.595]  0.7026   64/70
   97     H   1.525   [0.8541, 1.595]  0.7291   66/70
   98     G  -1.272   [-1.531,-1.135]  0.2017   70/70
   99     S -0.05406   [-0.4265,0.1567]  0.3673   70/70
  100     F  -1.046   [-1.316,-0.8984]  0.2546   70/70
  101     L -0.8705   [-1.135,-0.7098]  0.2737   70/70
  102     I  -1.103   [-1.316,-1.018]  0.1893   70/70
  103     R  -1.549   [-1.759,-1.531]  0.1088   70/70
  104     E -0.002336   [-0.3457,0.2911]  0.3993   70/70
  105     S  -1.476   [-1.641,-1.381]  0.1136   70/70
  106     E -0.5489   [-0.8372,-0.3457]  0.3249   61/70
  107     S -0.5817   [-0.8372,-0.4265]  0.2773   70/70
  108     T  0.2089   [-0.1699,0.4458]  0.3982   70/70
  109     A  0.6713   [0.1567,0.8541]   0.495   70/70
  110     G -0.5611   [-0.8372,-0.3457]  0.3324   70/70
  111     S  0.1743   [-0.2609,0.4458]  0.4241   70/70
  112     F -0.2732   [-0.6437,-0.07015]  0.3795   70/70
  113     S  -1.239   [-1.451,-1.135]  0.1633   70/70
  114     L  -1.011   [-1.254,-0.8372]  0.2441   70/70
  115     S  -1.516   [-1.759,-1.451]  0.1087   70/70
  116     V -0.9397   [-1.135,-0.7749]   0.228   70/70
  117     R -0.5366   [-0.8372,-0.3457]  0.3022   70/70
  118     D 0.01653   [-0.3457,0.2911]  0.3978   70/70
  119     F   2.302   [ 1.148, 2.728]  0.6858   35/70
  120     D   -0.36   [-0.7749,-0.07015]  0.5133   32/70
  121     Q   2.248   [ 1.148, 2.728]  0.7112   34/70
  122     N   2.578   [ 1.595, 2.728]  0.4244   31/70
  123     Q   1.606   [0.6279, 2.728]  0.8819   31/70
  124     G  0.8669   [0.2911, 1.148]  0.6082   65/70
  125     E  0.6211   [0.1567,0.8541]  0.5129   65/70
  126     V   1.548   [0.8541, 1.595]  0.7272   66/70
  127     V  -1.017   [-1.254,-0.8984]  0.2116   68/70
  128     K -0.6968   [-0.958,-0.5021]  0.2927   68/70
  129     H  -1.597   [-1.759,-1.531]  0.0777   68/70
  130     Y  -1.262   [-1.531,-1.135]  0.2235   68/70
  131     K  -0.904   [-1.135,-0.7749]  0.2551   68/70
  132     I  -1.191   [-1.381,-1.076]  0.1769   68/70
  133     R   0.661   [0.1567, 1.148]  0.5321   61/70
  134     N    1.19   [0.6279, 1.595]  0.6096   68/70
  135     L   0.174   [-0.2609,0.4458]  0.4433   68/70
  136     D   1.643   [0.8541, 2.728]   0.721   68/70
  137     N    0.78   [0.2911, 1.148]  0.5001   68/70
  138     G -0.4922   [-0.8372,-0.2609]  0.3605   66/70
  139     G   0.343   [-0.07015,0.6279]  0.4659   66/70
  140     F    1.03   [0.4458, 1.595]  0.6338   68/70
  141     Y -0.4048   [-0.7098,-0.1699]  0.3592   68/70
  142     I -0.6114   [-0.8984,-0.4265]  0.2981   68/70
  143     S  -0.641   [-0.8984,-0.5021]  0.2832   66/70
  144     P -0.4185   [-0.7098,-0.1699]   0.338   68/70
  145     R -0.1389   [-0.5021,0.1567]  0.3913   61/70
  146     I  0.8085   [0.2911, 1.148]  0.5418   68/70
  147     T  0.1941   [-0.1699,0.4458]  0.4244   68/70
  148     F  -1.412   [-1.641,-1.316]  0.1807   68/70
  149     P   2.489   [ 1.595, 2.728]  0.5043   68/70
  150     G  -0.594   [-0.8372,-0.4265]   0.262   70/70
  151     L -0.7078   [-0.958,-0.5021]  0.3017   70/70
  152     H   0.416   [0.03761,0.6279]  0.4347   70/70
  153     E  -0.156   [-0.5021,0.03761]  0.3566   70/70
  154     L  -1.121   [-1.381,-0.958]  0.2299   70/70
  155     V  -1.371   [-1.531,-1.316]  0.1441   70/70
  156     R   1.978   [ 1.148, 2.728]  0.7182   70/70
  157     H -0.5073   [-0.7749,-0.3457]  0.3109   70/70
  158     Y  -1.084   [-1.316,-0.958]  0.2278   70/70
  159     T  0.1096   [-0.2609,0.2911]  0.3951   69/70
  160     N  0.3757   [-0.07015,0.6279]  0.4766   68/70
  161     A  0.3714   [-0.07015,0.6279]  0.4415   66/70
  162     S -0.1303   [-0.5021,0.1567]  0.3713   64/70
  163     D -0.2449   [-0.6437,0.03761]  0.4242   53/70
  164     G -0.9313   [-1.194,-0.7749]   0.318   55/70
  165     L -0.8997   [-1.194,-0.7098]  0.3325   52/70
  166     C  0.1139   [-0.3457,0.4458]  0.5194   52/70
  167     T  0.7864   [0.1567, 1.148]  0.6499   52/70
  168     R  0.9509   [0.2911, 1.148]  0.6697   52/70
  169     L   -1.51   [-1.759,-1.451]  0.1642   52/70
  170     S   1.769   [0.8541, 2.728]  0.7794   52/70
  171     R   1.959   [0.8541, 2.728]  0.7771   52/70
  172     P -0.8342   [-1.135,-0.6437]  0.3316   52/70
  173     C -0.9864   [-1.316,-0.7749]  0.3801   38/70
  174     Q   1.209   [0.2911, 1.595]   1.025   17/70
  175     T  -1.404   [-1.759,-1.316]   0.255   13/70