    1     I -0.8172   [-0.9473,-0.7387] 0.09693  286/301
    2     V -0.6918   [-0.8467,-0.6216]  0.1094  288/301
    3     G  -1.126   [-1.322,-1.042] 0.08446  289/301
    4     G  -1.302   [-1.383,-1.322] 0.04397  292/301
    5     Y   2.247   [ 1.092, 2.383]  0.3971  292/301
    6     T  0.5245   [0.02086,0.5951]  0.2264  292/301
    7     C -0.8072   [-0.9473,-0.7387]  0.1116  292/301
    8     A   1.066   [0.5951, 1.092]  0.1353  291/301
    9     A  0.5317   [0.02086,0.5951]  0.2334  292/301
   10     N -0.4729   [-0.7387,-0.3462]  0.1368  293/301
   11     S -0.5342   [-0.7387,-0.4919]  0.1267  294/301
   12     I -0.5258   [-0.7387,-0.4919]  0.1494  294/301
   13     P -0.9173   [-1.042,-0.8467]  0.1041  298/301
   14     Y -0.2391   [-0.4919,-0.1778]  0.2102  298/301
   15     Q  -1.113   [-1.225,-1.042] 0.07231  298/301
   16     V -0.6008   [-0.7387,-0.4919]  0.1166  298/301
   17     S -0.6759   [-0.8467,-0.6216]  0.1076  298/301
   18     L -0.5604   [-0.7387,-0.4919]  0.1475  295/301
   19     N   1.081   [0.5951, 1.092]  0.2318  250/301
   20     S   1.183   [0.5951, 1.092]  0.3692  215/301
   21     G   2.334   [ 1.092, 2.383]  0.2483  181/301
   22     S  0.5783   [0.2679,0.5951]  0.2588  246/301
   23     H  0.8665   [0.2679, 1.092]  0.2665  266/301
   24     F   1.845   [0.5951, 2.383]  0.6378  299/301
   25     C  -1.294   [-1.383,-1.225] 0.05182  301/301
   26     G -0.6881   [-0.8467,-0.6216]  0.1346  301/301
   27     G -0.9691   [-1.134,-0.9473]  0.1035  301/301
   28     S  -0.886   [-1.042,-0.8467] 0.08627  301/301
   29     L  -1.011   [-1.134,-0.9473] 0.09634  301/301
   30     I -0.7096   [-0.8467,-0.6216]  0.1086  301/301
   31     N -0.1902   [-0.4919,-0.1778]  0.1471  301/301
   32     S   1.002   [0.5951, 1.092]  0.1952  301/301
   33     Q  0.1574   [-0.1778,0.2679]  0.1895  301/301
   34     W -0.7267   [-0.9473,-0.6216]  0.1868  301/301
   35     V -0.9485   [-1.134,-0.9473]  0.0844  301/301
   36     V -0.5222   [-0.7387,-0.4919]  0.1494  301/301
   37     S  -1.126   [-1.225,-1.134] 0.05904  301/301
   38     A  -1.317   [-1.383,-1.322]  0.0213  301/301
   39     A  -1.204   [-1.322,-1.225] 0.04518  301/301
   40     H  -1.257   [-1.383,-1.225] 0.05353  301/301
   41     C  -1.318   [-1.383,-1.322] 0.02182  301/301
   42     Y   1.071   [0.5951, 1.092]  0.1375  278/301
   43     K   1.115   [0.5951, 1.092]  0.2204  291/301
   44     S   2.383   [ 1.092, 2.383] 0.02328  290/301
   45     R   2.257   [ 1.092, 2.383]  0.3831  297/301
   46     I  0.4241   [0.02086,0.5951]  0.2354  301/301
   47     Q  0.9012   [0.2679, 1.092]  0.2535  301/301
   48     V -0.8385   [-1.042,-0.7387] 0.09375  301/301
   49     R  0.5911   [0.2679,0.5951]  0.2522  300/301
   50     L  -0.327   [-0.6216,-0.1778]  0.1703  300/301
   51     G  -1.217   [-1.322,-1.225] 0.06846  300/301
   52     E  0.0299   [-0.3462,0.2679]  0.1915  276/301
   53     H -0.5328   [-0.7387,-0.4919]  0.1359  275/301
   54     N 0.04183   [-0.1778,0.2679]  0.1752  273/301
   55     I  0.3514   [0.02086,0.5951]  0.2524  240/301
   56     D   1.459   [0.5951, 2.383]  0.6126  183/301
   57     V   0.343   [0.02086,0.5951]  0.2048  298/301
   58     L    2.38   [ 1.092, 2.383] 0.06856  290/301
   59     E  0.1463   [-0.1778,0.2679]  0.1924  289/301
   60     G   1.054   [0.5951, 1.092]  0.1449  301/301
   61     N  0.5505   [0.2679,0.5951]  0.2186  298/301
   62     E  0.1323   [-0.1778,0.2679]  0.1963  297/301
   63     Q -0.08832   [-0.3462,0.02086]  0.1696  299/301
   64     F    1.03   [0.5951, 1.092]   0.205  240/301
   65     I  0.3727   [0.02086,0.5951]  0.2212  299/301
   66     N   2.169   [ 1.092, 2.383]  0.4806  298/301
   67     A -0.6689   [-0.8467,-0.6216]  0.1142  300/301
   68     A  0.5393   [0.02086,0.5951]  0.2154  300/301
   69     K  0.7023   [0.2679, 1.092]  0.2578  300/301
   70     I -0.3353   [-0.6216,-0.1778]  0.1442  300/301
   71     I   0.154   [-0.1778,0.2679]  0.1987  301/301
   72     T    2.36   [ 1.092, 2.383]  0.1738  301/301
   73     H -0.9344   [-1.042,-0.8467] 0.08608  301/301
   74     P -0.1008   [-0.3462,0.02086]  0.1794  301/301
   75     N   2.007   [0.5951, 2.383]  0.5871  301/301
   76     F  0.2426   [-0.1778,0.2679]  0.2137  301/301
   77     N   0.134   [-0.1778,0.2679]  0.1949  195/301
   78     G   1.959   [0.5951, 2.383]  0.6082  195/301
   79     N   2.382   [ 1.092, 2.383] 0.04461  284/301
   80     T   0.293   [0.02086,0.2679]  0.1986  287/301
   81     L  0.9478   [0.2679, 1.092]  0.2352  283/301
   82     D -0.08463   [-0.3462,0.02086]  0.1684  286/301
   83     N -0.6411   [-0.8467,-0.6216]  0.1185  298/301
   84     D   -1.32   [-1.383,-1.322] 0.01506  300/301
   85     I -0.9193   [-1.042,-0.8467] 0.08981  299/301
   86     M  -1.187   [-1.322,-1.134] 0.05256  299/301
   87     L  -1.041   [-1.225,-0.9473] 0.09494  300/301
   88     I -0.4992   [-0.7387,-0.3462]  0.1419  301/301
   89     K -0.08679   [-0.3462,0.02086]  0.1694  301/301
   90     L   -1.19   [-1.322,-1.134] 0.06972  301/301
   91     S  0.6456   [0.2679,0.5951]  0.2395  301/301
   92     S   1.432   [0.5951, 2.383]  0.5715  301/301
   93     P -0.1873   [-0.4919,0.02086]  0.1757  301/301
   94     A -0.7131   [-0.8467,-0.6216]  0.1099  301/301
   95     T   1.049   [0.5951, 1.092]   0.142  301/301
   96     L  0.4386   [0.02086,0.5951]  0.2181  301/301
   97     N -0.5489   [-0.7387,-0.4919]  0.1141  301/301
   98     S   1.257   [0.5951, 1.092]  0.4348  301/301
   99     R  0.7786   [0.2679, 1.092]  0.2679  301/301
  100     V -0.9133   [-1.042,-0.8467] 0.08659  301/301
  101     A 0.01573   [-0.3462,0.02086]  0.1759  299/301
  102     T -0.3497   [-0.6216,-0.1778]  0.1602  301/301
  103     V -0.2285   [-0.4919,-0.1778]  0.1571  301/301
  104     S -0.06909   [-0.3462,0.02086]  0.1741  301/301
  105     L   -1.12   [-1.225,-1.042] 0.08274  301/301
  106     P -0.9581   [-1.134,-0.8467]  0.1026  297/301
  107     R -0.2109   [-0.4919,-0.1778]  0.1497  297/301
  108     S  0.4652   [0.02086,0.5951]  0.1989  301/301
  109     C  0.1092   [-0.1778,0.2679]  0.2125  291/301
  110     A  0.6117   [0.2679,0.5951]  0.2445  301/301
  111     A   1.015   [0.5951, 1.092]   0.182  300/301
  112     A  0.3159   [0.02086,0.5951]  0.2542  212/301
  113     G -0.3476   [-0.6216,-0.1778]  0.1749  301/301
  114     T -0.4149   [-0.6216,-0.3462]  0.1302  301/301
  115     E  0.8736   [0.2679, 1.092]  0.2575  287/301
  116     C -0.7828   [-0.9473,-0.7387]  0.1313  301/301
  117     L  0.4985   [0.02086,0.5951]  0.2386  301/301
  118     I -0.6675   [-0.8467,-0.6216]  0.1089  301/301
  119     S  -1.128   [-1.225,-1.134] 0.06035  301/301
  120     G  -1.319   [-1.383,-1.322] 0.01715  301/301
  121     W  -1.219   [-1.383,-1.134]   0.098  301/301
  122     G  -1.315   [-1.383,-1.322]  0.0274  301/301
  123     N  0.4765   [0.02086,0.5951]  0.1966  299/301
  124     T  -0.338   [-0.6216,-0.1778]  0.1414  298/301
  125     K  0.9196   [0.2679, 1.092]  0.2429  297/301
  126     S  0.2244   [-0.1778,0.2679]  0.2699  151/301
  127     S  0.7754   [0.2679, 1.092]  0.3218  150/301
  128     G  0.6015   [0.02086,0.5951]  0.3045  182/301
  129     S   1.653   [0.5951, 2.383]  0.6488  188/301
  130     S   2.314   [ 1.092, 2.383]  0.2912  281/301
  131     Y    1.14   [0.5951, 1.092]  0.4062  197/301
  132     P -0.1481   [-0.4919,0.02086]  0.1853  279/301
  133     S  0.9074   [0.2679, 1.092]  0.2495  285/301
  134     L  0.6934   [0.2679, 1.092]  0.2573  297/301
  135     L   -1.17   [-1.322,-1.134] 0.07207  301/301
  136     Q -0.5275   [-0.7387,-0.4919]  0.1277  301/301
  137     C  -0.585   [-0.8467,-0.4919]  0.1446  301/301
  138     L -0.7101   [-0.8467,-0.6216]  0.1082  301/301
  139     K  0.5007   [0.02086,0.5951]  0.1957  301/301
  140     A  -0.813   [-0.9473,-0.7387] 0.09964  301/301
  141     P -0.1253   [-0.3462,0.02086]  0.1723  301/301
  142     V  0.1756   [-0.1778,0.2679]  0.1969  301/301
  143     L  0.2836   [0.02086,0.2679]  0.2104  301/301
  144     S -0.1262   [-0.3462,0.02086]  0.1576  301/301
  145     N  0.3152   [0.02086,0.5951]  0.1966  301/301
  146     S   1.135   [0.5951, 1.092]  0.2446  301/301
  147     S   1.239   [0.5951, 1.092]  0.4162  301/301
  148     C  -1.318   [-1.383,-1.322] 0.02182  301/301
  149     K   1.032   [0.5951, 1.092]  0.1648  301/301
  150     S   2.378   [ 1.092, 2.383] 0.08667  295/301
  151     S  0.8003   [0.2679, 1.092]  0.2655  296/301
  152     Y  0.1134   [-0.1778,0.2679]  0.2844  183/301
  153     P   2.228   [ 1.092, 2.383]  0.4225  183/301
  154     G   2.383   [ 1.092, 2.383] 0.01845  258/301
  155     Q   1.145   [0.5951, 1.092]  0.3452  232/301
  156     I -0.4665   [-0.6216,-0.3462]  0.1295  298/301
  157     T -0.2997   [-0.4919,-0.1778]  0.1427  295/301
  158     G  0.6305   [0.2679,0.5951]  0.2355  293/301
  159     N  0.0567   [-0.1778,0.2679]  0.1771  292/301
  160     M -0.9694   [-1.134,-0.9473] 0.08083  300/301
  161     I   -0.07   [-0.3462,0.02086]  0.1965  301/301
  162     C  -1.318   [-1.383,-1.322] 0.02182  301/301
  163     V  -1.146   [-1.322,-1.134] 0.06154  301/301
  164     G  -1.153   [-1.322,-1.134]  0.0783  301/301
  165     F  0.7814   [0.2679, 1.092]   0.275  278/301
  166     L     1.1   [0.5951, 1.092]  0.2284  279/301
  167     Q   1.082   [0.5951, 1.092]  0.1349  292/301
  168     G -0.4763   [-0.7387,-0.3462]  0.1606  300/301
  169     G -0.08987   [-0.3462,0.02086]  0.1999  296/301
  170     K -0.007458   [-0.3462,0.02086]  0.1834  300/301
  171     D  -1.011   [-1.134,-0.9473] 0.08172  301/301
  172     S -0.6148   [-0.8467,-0.4919]   0.108  301/301
  173     C   -1.31   [-1.383,-1.322] 0.03496  301/301
  174     Q  0.5555   [0.2679,0.5951]   0.205  301/301
  175     G -0.8282   [-1.042,-0.7387]  0.1241  301/301
  176     D  -1.322   [-1.383,-1.322] 0.005649  301/301
  177     S  -1.321   [-1.383,-1.322] 0.01258  301/301
  178     G  -1.319   [-1.383,-1.322] 0.01715  301/301
  179     G  -1.249   [-1.383,-1.225] 0.06705  301/301
  180     P   -1.31   [-1.383,-1.322] 0.03393  301/301
  181     V  -1.133   [-1.322,-1.134] 0.07836  301/301
  182     V -0.9569   [-1.134,-0.9473] 0.08355  300/301
  183     C -0.6135   [-0.8467,-0.4919]  0.1518  296/301
  184     N 0.05847   [-0.1778,0.2679]   0.177  300/301
  185     G -0.09456   [-0.3462,0.02086]  0.1883  297/301
  186     Q  0.5896   [0.2679,0.5951]   0.247  284/301
  187     L -0.2829   [-0.4919,-0.1778]  0.1759  297/301
  188     Q -0.5702   [-0.7387,-0.4919]  0.1257  297/301
  189     G  -1.315   [-1.383,-1.322] 0.02742  301/301
  190     I -0.6719   [-0.8467,-0.6216]  0.1102  301/301
  191     V -0.8427   [-1.042,-0.7387] 0.09405  301/301
  192     S  -1.172   [-1.322,-1.134] 0.05405  301/301
  193     W 0.009681   [-0.3462,0.2679]  0.2714  301/301
  194     G  -1.214   [-1.322,-1.134] 0.06929  301/301
  195     Y   2.377   [ 1.092, 2.383]  0.0878  186/301
  196     G -0.2113   [-0.4919,-0.1778]  0.1815  301/301
  197     C   -1.31   [-1.383,-1.322] 0.03577  301/301
  198     A -0.5638   [-0.7387,-0.4919]   0.128  298/301
  199     Q  0.9673   [0.5951, 1.092]  0.2208  292/301
  200     K  0.8472   [0.2679, 1.092]  0.2663  301/301
  201     N   1.066   [0.5951, 1.092]  0.1189  298/301
  202     K  0.8653   [0.2679, 1.092]  0.2616  298/301
  203     P  -1.142   [-1.322,-1.134]  0.0783  301/301
  204     G -0.3305   [-0.6216,-0.1778]  0.1663  301/301
  205     V -0.5242   [-0.7387,-0.4919]  0.1245  301/301
  206     Y  -1.057   [-1.225,-1.042] 0.09773  301/301
  207     T -0.9742   [-1.134,-0.9473] 0.07751  300/301
  208     K -0.3886   [-0.6216,-0.3462]  0.1481  300/301
  209     V   -1.03   [-1.134,-0.9473] 0.07593  300/301
  210     C -0.3564   [-0.6216,-0.3462]  0.1473  300/301
  211     N   0.588   [0.2679,0.5951]  0.2448  300/301
  212     Y  0.0764   [-0.1778,0.2679]  0.2091  300/301
  213     V   1.041   [0.5951, 1.092]  0.1623  300/301
  214     N  0.7291   [0.2679, 1.092]  0.2584  300/301
  215     W    -1.3   [-1.383,-1.322]  0.0514  300/301
  216     I  -1.149   [-1.322,-1.134] 0.06055  297/301
  217     Q   0.773   [0.2679, 1.092]  0.2618  293/301
  218     Q  0.8436   [0.2679, 1.092]  0.2633  285/301
  219     T -0.06999   [-0.3462,0.02086]  0.1732  262/301
  220     I -0.3753   [-0.6216,-0.3462]   0.147  257/301
  221     A -0.009436   [-0.3462,0.02086]  0.2015  231/301
  222     A  0.1143   [-0.1778,0.2679]  0.2314  217/301
  223     N  -1.177   [-1.322,-1.134] 0.07461  181/301