 #  RESIDUE AA STRUCTURE BP1 BP2  ACC     N-H-->O    O-->H-N    N-H-->O    O-->H-N    TCO  KAPPA ALPHA  PHI   PSI    X-CA   Y-CA   Z-CA 
    1    1 d V              0   0  118      0, 0.0     2,-0.5     0, 0.0     0, 0.0   0.000 360.0 360.0 360.0 159.8  -16.0    9.6    1.6
    2    2 d H        -     0   0  149      0, 0.0     2,-0.5     0, 0.0    77,-0.0  -0.751 360.0-154.7 -91.2 135.0  -16.7   12.1   -1.1
    3    3 d W        -     0   0   26     -2,-0.5   126,-0.0     4,-0.0    75,-0.0  -0.959  11.1-139.3-109.5 126.6  -14.2   12.1   -3.9
    4    4 d S     >  -     0   0   36     -2,-0.5     4,-1.8     1,-0.1     3,-0.4  -0.203  25.0-115.4 -67.3 163.4  -14.0   15.5   -5.8
    5    5 d A  H  > S+     0   0   72      1,-0.2     4,-0.8     2,-0.2    -1,-0.1   0.840 117.8  53.5 -74.1 -23.4  -13.7   15.0   -9.6
    6    6 d E  H  > S+     0   0  114      2,-0.2     4,-2.0     1,-0.1    -1,-0.2   0.759 104.3  53.4 -75.9 -23.9  -10.3   16.6   -9.5
    7    7 d E  H  > S+     0   0   40     -3,-0.4     4,-2.5     2,-0.2    -2,-0.2   0.944 108.8  51.3 -72.2 -49.6   -9.0   14.1   -6.7
    8    8 d K  H  X S+     0   0   72     -4,-1.8     4,-2.1     1,-0.2    -1,-0.2   0.765 109.7  50.4 -58.1 -30.6  -10.1   11.3   -9.0
    9    9 d Q  H  X S+     0   0  120     -4,-0.8     4,-2.5     2,-0.2    -1,-0.2   0.911 110.9  47.3 -75.8 -41.0   -8.1   13.0  -11.8
   10   10 d L  H  X S+     0   0   45     -4,-2.0     4,-1.2     2,-0.2    -2,-0.2   0.822 114.2  47.6 -69.5 -33.6   -5.0   13.3   -9.6
   11   11 d I  H  X S+     0   0    0     -4,-2.5     4,-2.3     2,-0.1    -2,-0.2   0.992 119.1  39.4 -72.1 -55.7   -5.3    9.7   -8.5
   12   12 d T  H  X S+     0   0   56     -4,-2.1     4,-1.3     2,-0.2    -2,-0.2   0.785 112.6  52.9 -62.7 -38.9   -5.9    8.3  -12.1
   13   13 d A  H >< S+     0   0   56     -4,-2.5     3,-0.6    -5,-0.2     4,-0.4   0.992 115.8  41.5 -59.0 -57.7   -3.5   10.5  -14.0
   14   14 d L  H >< S+     0   0    4     -4,-1.2     3,-2.1     1,-0.2     4,-0.3   0.859 108.4  59.5 -54.7 -51.3   -0.7    9.4  -11.6
   15   15 d W  H >< S+     0   0   36     -4,-2.3     3,-1.2     1,-0.3    -1,-0.2   0.772  95.7  62.6 -54.6 -33.2   -1.6    5.7  -11.4
   16   16 d A  T << S+     0   0   83     -4,-1.3    -1,-0.3    -3,-0.6    -2,-0.2   0.729 104.0  47.8 -68.3 -22.3   -1.2    5.2  -15.1
   17   17 d K  T <  S+     0   0  103     -3,-2.1     2,-0.3    -4,-0.4    -1,-0.2   0.417  86.1 115.0 -95.6  -1.5    2.5    6.1  -14.9
   18   18 d V    <   -     0   0   15     -3,-1.2     2,-1.0    -4,-0.3     3,-0.1  -0.652  63.5-139.9 -72.3 133.3    3.3    3.9  -11.9
   19   19 d N     >  -     0   0   81     -2,-0.3     4,-2.3     1,-0.2     5,-0.3  -0.839  22.0-167.2 -87.6 102.1    5.7    0.9  -12.4
   20   20 d V  H  > S+     0   0   39     -2,-1.0     4,-2.6     1,-0.2     5,-0.3   0.861  81.1  50.0 -58.6 -38.9    3.7   -1.5  -10.1
   21   21 d A  H  > S+     0   0   29      1,-0.2     4,-1.8     2,-0.2    -1,-0.2   0.930 118.1  35.8 -64.5 -50.3    6.4   -4.1   -9.9
   22   22 d D  H  > S+     0   0   85      2,-0.2     4,-1.8     3,-0.2    -1,-0.2   0.720 120.7  46.6 -73.6 -36.3    9.2   -1.7   -8.9
   23   23 d C  H  X S+     0   0    1     -4,-2.3     4,-2.9     2,-0.2    -2,-0.2   0.933 115.4  47.4 -76.8 -47.5    7.1    0.6   -6.7
   24   24 d A  H  X S+     0   0    3     -4,-2.6     4,-2.6    -5,-0.3     5,-0.3   0.913 114.0  46.9 -61.0 -42.5    5.5   -2.4   -5.0
   25   25 d A  H  X S+     0   0    1     -4,-1.8     4,-1.9    -5,-0.3    -1,-0.2   0.926 114.4  46.9 -65.9 -42.3    8.8   -4.0   -4.5
   26   26 d E  H  X S+     0   0   43     -4,-1.8     4,-2.2     1,-0.2    -2,-0.2   0.906 112.7  49.1 -65.1 -44.5   10.4   -0.8   -3.2
   27   27 d A  H  X S+     0   0    6     -4,-2.9     4,-2.0     2,-0.2    -2,-0.2   0.922 112.4  45.9 -64.3 -44.9    7.5   -0.1   -0.9
   28   28 d L  H  X S+     0   0    5     -4,-2.6     4,-2.0     2,-0.2     5,-0.2   0.929 113.1  51.0 -62.2 -45.5    7.4   -3.6    0.8
   29   29 d A  H  X S+     0   0    0     -4,-1.9     4,-1.3    -5,-0.3    -1,-0.2   0.911 110.6  47.8 -57.7 -43.7   11.1   -3.6    1.2
   30   30 d R  H  X S+     0   0  100     -4,-2.2     4,-2.7     2,-0.2     5,-0.4   0.866 106.8  57.9 -66.8 -35.4   11.1   -0.2    2.9
   31   31 d L  H  X S+     0   0   10     -4,-2.0     4,-1.8     1,-0.2     7,-0.3   0.896 110.5  44.1 -57.6 -44.8    8.2   -1.3    5.2
   32   32 d L  H  < S+     0   0    0     -4,-2.0     7,-0.2     2,-0.2    -1,-0.2   0.732 119.0  41.1 -71.8 -24.3   10.4   -4.1    6.4
   33   33 d I  H  < S+     0   0   62     -4,-1.3    -2,-0.2    -5,-0.2    -1,-0.2   0.855 119.7  41.0 -89.4 -37.8   13.6   -2.1    6.8
   34   34 d V  H  < S+     0   0   77     -4,-2.7    -2,-0.2     1,-0.3    -3,-0.2   0.877 128.0  30.6 -79.2 -42.4   12.2    1.1    8.3
   35   35 d Y  S >< S-     0   0   60     -4,-1.8     3,-1.9    -5,-0.4    -1,-0.3  -0.776  76.4-174.9-116.1  75.1    9.7   -0.7   10.7
   36   36 d P  G >  S+     0   0   71      0, 0.0     3,-1.3     0, 0.0     4,-0.2   0.562  71.1  71.1 -54.0 -16.5   11.5   -4.0   11.5
   37   37 d W  G >  S+     0   0  144      1,-0.3     3,-1.3     2,-0.2     4,-0.2   0.728  84.1  71.1 -77.2 -14.2    8.8   -5.6   13.5
   38   38 d T  G X  S+     0   0    4     -3,-1.9     3,-1.4    -7,-0.3     4,-0.3   0.720  79.3  77.3 -69.0 -16.7    6.8   -6.1   10.4
   39   39 d Q  G X  S+     0   0   55     -3,-1.3     3,-1.0     1,-0.3    -1,-0.2   0.714  78.3  75.0 -62.7 -21.5    9.3   -8.8    9.3
   40   40 d R  G X  S+     0   0  224     -3,-1.3     3,-0.6     1,-0.3    -1,-0.3   0.751  92.1  52.4 -59.8 -36.6    7.5  -11.1   11.8
   41   41 d F  G <  S+     0   0   75     -3,-1.4    -1,-0.3    -4,-0.2     3,-0.2   0.641 107.3  51.4 -79.7 -15.8    4.6  -11.6    9.5
   42   42 d F  G X   +     0   0   31     -3,-1.0     3,-1.5    -4,-0.3    -1,-0.2  -0.300  64.6 127.9-115.3  40.2    6.8  -12.6    6.5
   43   43 d S  G X  S+     0   0   96     -3,-0.6     3,-0.8     1,-0.3    -1,-0.2   0.772  70.9  62.3 -64.9 -32.2    8.8  -15.3    8.3
   44   44 d S  G 3  S+     0   0   92     -3,-0.2    -1,-0.3     1,-0.2     3,-0.1   0.221  84.8  76.1 -71.2  -5.4    7.8  -17.5    5.4
   45   45 d F  G <  S-     0   0   19     -3,-1.5     2,-0.5     1,-0.3    14,-0.3   0.324  93.0-143.3 -88.5  -6.6    9.7  -15.3    2.9
   46   46 d A    <   +     0   0   79     -3,-0.8     2,-0.7    13,-0.1    -1,-0.3  -0.620  66.0  41.6  81.9-115.8   13.0  -16.7    4.1
   47   47 d N        +     0   0   91     -2,-0.5     3,-0.1     1,-0.1    10,-0.1  -0.629  48.3 144.3 -79.1 111.4   16.0  -14.4    4.3
   48   48 d L        +     0   0   20     -2,-0.7    -1,-0.1     1,-0.1     6,-0.1  -0.332  33.1 126.0-137.6  40.9   15.3  -10.9    5.7
   49   49 d S  S    S+     0   0   97      1,-0.1     3,-0.1     2,-0.0    -1,-0.1   0.669  73.0  13.7 -79.7 -30.4   18.6  -10.7    7.5
   50   50 d S  S  > S-     0   0   37      1,-0.1     4,-2.4    -3,-0.1     5,-0.2  -0.975  73.9-113.5-145.4 164.7   19.7   -7.5    6.0
   51   51 d P  H  > S+     0   0   68      0, 0.0     4,-3.3     0, 0.0     5,-0.2   0.915 122.9  51.7 -63.6 -37.1   18.3   -4.5    4.1
   52   52 d T  H  > S+     0   0  114      1,-0.3     4,-1.2     2,-0.2     5,-0.1   0.921 114.0  41.2 -68.9 -37.2   20.5   -5.7    1.3
   53   53 d A  H  4 S+     0   0   20      2,-0.2     4,-0.4     1,-0.2    -1,-0.3   0.796 114.9  52.8 -74.0 -26.7   19.1   -9.2    1.6
   54   54 d I  H >< S+     0   0    3     -4,-2.4     3,-0.9     1,-0.2    -2,-0.2   0.893 105.2  55.8 -73.4 -39.1   15.6   -7.8    2.1
   55   55 d L  H 3< S+     0   0   69     -4,-3.3    -2,-0.2     1,-0.2    -1,-0.2   0.837 116.2  34.3 -59.0 -34.3   16.0   -5.7   -1.1
   56   56 d A  T 3< S+     0   0   71     -4,-1.2    -1,-0.2    -5,-0.2    -2,-0.2   0.346  80.5 121.7-107.6  11.5   16.7   -8.7   -3.4
   57   57 d N    <>  -     0   0   11     -3,-0.9     4,-1.5    -4,-0.4     3,-0.2  -0.688  57.9-143.8 -74.5 128.2   14.6  -11.4   -1.8
   58   58 d P  H  > S+     0   0   97      0, 0.0     4,-1.9     0, 0.0     5,-0.2   0.576  96.1  57.2 -72.9 -16.6   12.3  -12.5   -4.6
   59   59 d M  H  > S+     0   0   90    -14,-0.3     4,-2.1     2,-0.2     5,-0.2   0.900 104.0  52.2 -88.3 -28.6    9.4  -13.1   -2.4
   60   60 d V  H  > S+     0   0    1    -15,-0.2     4,-2.8     2,-0.2     5,-0.2   0.916 113.4  46.1 -63.5 -40.2    9.5   -9.6   -1.2
   61   61 d R  H  X S+     0   0  101     -4,-1.5     4,-2.2     1,-0.2     5,-0.2   0.982 114.2  46.3 -66.9 -48.8    9.5   -8.3   -4.8
   62   62 d A  H  X S+     0   0   58     -4,-1.9     4,-1.5     1,-0.2    -1,-0.2   0.927 114.7  45.8 -58.5 -45.6    6.8  -10.6   -5.9
   63   63 d H  H  X S+     0   0   60     -4,-2.1     4,-2.5     1,-0.2    -1,-0.2   0.910 108.5  57.5 -65.9 -39.8    4.6   -9.8   -2.9
   64   64 d A  H  X S+     0   0    1     -4,-2.8     4,-2.2     2,-0.2    -1,-0.2   0.903 102.7  54.2 -56.4 -45.6    5.2   -6.1   -3.3
   65   65 d K  H  X S+     0   0  114     -4,-2.2     4,-1.5     1,-0.2    -1,-0.2   0.915 110.4  49.0 -51.8 -46.9    3.9   -6.4   -6.9
   66   66 d K  H  X S+     0   0  153     -4,-1.5     4,-1.3     2,-0.2    -2,-0.2   0.850 107.2  51.1 -65.6 -44.1    0.7   -7.9   -5.5
   67   67 d V  H >X S+     0   0   36     -4,-2.5     4,-1.4     1,-0.2     3,-0.8   0.961 112.3  47.9 -63.7 -46.2    0.1   -5.3   -2.7
   68   68 d L  H 3X S+     0   0    3     -4,-2.2     4,-1.2     1,-0.3    -2,-0.2   0.794 105.2  59.6 -64.5 -26.9    0.3   -2.4   -5.3
   69   69 d T  H 3X S+     0   0   61     -4,-1.5     4,-1.1     1,-0.2    -1,-0.3   0.870 102.4  53.3 -65.8 -36.2   -2.0   -4.3   -7.6
   70   70 d S  H <X S+     0   0   26     -4,-1.3     4,-1.7    -3,-0.8    -2,-0.2   0.852 102.7  57.4 -65.0 -38.5   -4.6   -4.1   -4.8
   71   71 d F  H  X S+     0   0   15     -4,-1.4     4,-2.0     1,-0.2    -1,-0.2   0.910 104.6  54.3 -60.8 -31.7   -4.1   -0.4   -4.6
   72   72 d A  H  X S+     0   0   12     -4,-1.2     4,-1.8     1,-0.3    -2,-0.2   0.815 101.0  55.0 -70.6 -34.7   -5.1   -0.4   -8.3
   73   73 d D  H  X S+     0   0   76     -4,-1.1     4,-1.4     1,-0.2    -1,-0.3   0.853 109.8  49.5 -71.2 -35.3   -8.3   -2.2   -7.8
   74   74 d A  H  < S+     0   0    0     -4,-1.7    -2,-0.3     1,-0.2    -1,-0.2   0.922 108.2  52.7 -66.9 -43.6   -9.1    0.6   -5.3
   75   75 d V  H >< S+     0   0    4     -4,-2.0     3,-0.5     1,-0.2    -2,-0.2   0.849 112.4  46.6 -58.5 -33.1   -8.1    3.2   -8.0
   76   76 d K  H 3< S+     0   0  129     -4,-1.8    -1,-0.2     1,-0.3    -2,-0.2   0.768 121.5  33.4 -79.9 -33.0  -10.5    1.6  -10.4
   77   77 d N  T ><  +     0   0   69     -4,-1.4     3,-1.3    -5,-0.2    -1,-0.3  -0.405  67.2 162.5-118.1  54.7  -13.5    1.3   -8.1
   78   78 d L  T <  S+     0   0   15     -3,-0.5     3,-0.2     1,-0.3    -1,-0.1   0.661  79.7  46.1 -55.9 -10.9  -13.1    4.4   -5.9
   79   79 d D  T 3  S+     0   0  129      1,-0.1    -1,-0.3    -3,-0.1     3,-0.2   0.652 108.3  50.5-105.5 -16.8  -16.7    3.9   -4.9
   80   80 d N    <>  +     0   0   76     -3,-1.3     4,-1.6     1,-0.2    -1,-0.1  -0.339  68.9 133.5-106.4  37.1  -16.9    0.1   -4.1
   81   81 d I  H  >  +     0   0   14     -3,-0.2     4,-1.5     1,-0.2    -1,-0.2   0.888  66.4  56.1 -60.5 -38.0  -13.8    0.2   -1.8
   82   82 d K  H >> S+     0   0   97      1,-0.2     4,-1.6    -3,-0.2     3,-0.6   0.973 108.6  43.1 -56.9 -65.1  -15.6   -1.8    0.9
   83   83 d N  H 3> S+     0   0  104      1,-0.2     4,-0.5     2,-0.2    -1,-0.2   0.830 111.7  57.8 -48.9 -40.8  -16.5   -4.8   -1.2
   84   84 d T  H 3< S+     0   0   38     -4,-1.6    -1,-0.2     1,-0.2    -2,-0.2   0.808 118.0  29.5 -59.4 -44.5  -12.9   -4.8   -2.9
   85   85 d F  H <X S+     0   0    5     -4,-1.5     4,-2.1    -3,-0.6     3,-0.3   0.513  91.3 101.1-103.9  -1.8  -11.0   -5.1    0.3
   86   86 d A  H  X S+     0   0   12     -4,-1.6     4,-1.6     1,-0.3     3,-0.2   0.888  88.4  42.4 -52.9 -43.5  -13.7   -7.1    2.3
   87   87 d Q  H  X S+     0   0  174     -4,-0.5     4,-1.5     1,-0.2    -1,-0.3   0.854 114.1  53.0 -73.7 -28.7  -11.9  -10.4    1.8
   88   88 d L  H  > S+     0   0   49     -3,-0.3     4,-2.6     2,-0.2     5,-0.3   0.793 102.2  59.1 -73.3 -32.7   -8.5   -8.7    2.5
   89   89 d S  H  X S+     0   0    0     -4,-2.1     4,-3.0     2,-0.2     5,-0.5   0.926 106.7  47.5 -62.6 -44.9   -9.8   -7.3    5.8
   90   90 d E  H  X>S+     0   0   89     -4,-1.6     5,-1.2     1,-0.2     4,-1.0   0.838 111.4  49.4 -67.0 -38.4  -10.5  -10.8    7.0
   91   91 d L  I  X>S+     0   0   64     -4,-1.5     5,-2.6     3,-0.2     4,-0.6   0.926 120.3  36.1 -61.7 -54.6   -7.2  -12.2    6.0
   92   92 d H  I  <5S+     0   0   49     -4,-2.6     6,-2.5     3,-0.2     5,-0.5   0.869 129.2  33.5 -69.3 -40.0   -5.3   -9.2    7.7
   93   93 d C  I  <5S+     0   0    3     -4,-3.0     4,-0.3    -5,-0.3    -3,-0.2   0.964 131.2  26.6 -78.2 -60.4   -7.6   -8.8   10.7
   94   94 d D  I  <5S+     0   0   93     -4,-1.0    -3,-0.2    -5,-0.5    -2,-0.1   0.801 133.0  28.8 -75.5 -40.2   -8.8  -12.4   11.4
   95   95 d K  I  <<S+     0   0  138     -5,-1.2    -3,-0.2    -4,-0.6    -4,-0.2   0.847 131.5  26.9 -94.5 -48.2   -6.0  -14.5   10.1
   96   96 d L  S   <S-     0   0   66     -5,-2.6    -3,-0.2    -6,-0.2    -4,-0.2   0.818  83.6-144.4 -90.4 -26.4   -2.8  -12.4   10.4
   97   97 d H        +     0   0  134     -5,-0.5     2,-0.4    -4,-0.3    -4,-0.2   0.927  32.5 171.8  64.0  46.2   -3.8  -10.2   13.3
   98   98 d V        -     0   0   14     -6,-2.5    -1,-0.2     2,-0.0    -2,-0.1  -0.748  35.3-119.4 -87.7 136.1   -1.9   -7.2   11.9
   99   99 d D    >   -     0   0   99     -2,-0.4     3,-2.6     1,-0.1     4,-0.4  -0.605  18.8-122.3 -77.4 139.7   -2.7   -4.1   13.9
  100  100 d P  T >> S+     0   0   43      0, 0.0     4,-1.0     0, 0.0     3,-1.0   0.649 105.8  72.9 -49.7 -20.4   -4.3   -1.3   11.8
  101  101 d E  H 3> S+     0   0   89      1,-0.3     4,-1.6     2,-0.2     3,-0.2   0.849  92.6  54.7 -72.3 -20.6   -1.5    1.1   12.6
  102  102 d N  H <> S+     0   0   22     -3,-2.6     4,-1.4     1,-0.2    -1,-0.3   0.759  98.1  63.4 -79.7 -16.2    0.8   -0.8   10.3
  103  103 d F  H <> S+     0   0   20     -3,-1.0     4,-1.5    -4,-0.4    -1,-0.2   0.828 106.9  45.2 -66.7 -39.6   -1.7   -0.3    7.5
  104  104 d R  H  X S+     0   0  123     -4,-1.0     4,-1.7     2,-0.2    -2,-0.2   0.804 107.8  54.9 -70.8 -39.2   -1.0    3.4    8.0
  105  105 d L  H  X S+     0   0   15     -4,-1.6     4,-1.2     1,-0.2    -2,-0.2   0.910 109.8  49.5 -65.0 -39.6    2.8    3.0    8.1
  106  106 d L  H  X S+     0   0   30     -4,-1.4     4,-1.8     2,-0.2    -2,-0.2   0.831 109.3  48.2 -68.8 -43.8    2.6    1.2    4.7
  107  107 d A  H  X S+     0   0    3     -4,-1.5     4,-1.9     2,-0.2    -1,-0.2   0.837 110.5  53.9 -68.7 -34.8    0.5    3.8    2.9
  108  108 d D  H  X S+     0   0   44     -4,-1.7     4,-1.6     2,-0.2    -1,-0.2   0.840 107.5  50.0 -63.6 -40.5    2.9    6.5    4.2
  109  109 d I  H  X S+     0   0    7     -4,-1.2     4,-2.1     2,-0.2    -2,-0.2   0.901 107.3  55.6 -61.4 -44.3    5.8    4.6    2.7
  110  110 d L  H  X S+     0   0    4     -4,-1.8     4,-3.1     1,-0.2     5,-0.3   0.844 105.9  50.9 -54.1 -50.5    3.8    4.4   -0.7
  111  111 d I  H  X S+     0   0    8     -4,-1.9     4,-2.5     2,-0.2    -1,-0.2   0.905 111.1  48.2 -57.8 -40.8    3.5    8.2   -0.7
  112  112 d I  H  X S+     0   0  100     -4,-1.6     4,-2.1     1,-0.2    -2,-0.2   0.884 114.2  47.3 -67.1 -38.9    7.3    8.6   -0.1
  113  113 d V  H  X S+     0   0    0     -4,-2.1     4,-1.4     2,-0.2    -1,-0.2   0.906 111.8  46.6 -74.6 -43.7    8.0    6.1   -2.8
  114  114 d L  H  X S+     0   0    2     -4,-3.1     4,-2.0     1,-0.2     3,-0.4   0.920 111.6  55.3 -68.2 -29.7    5.6    7.6   -5.4
  115  115 d A  H  X S+     0   0   35     -4,-2.5     4,-1.6    -5,-0.3    -2,-0.2   0.914 106.6  48.4 -65.3 -43.4    7.2   10.9   -4.4
  116  116 d A  H  < S+     0   0   74     -4,-2.1    -1,-0.3     1,-0.2    -2,-0.2   0.781 115.9  45.6 -66.6 -18.7   10.7    9.6   -5.2
  117  117 d H  H  < S+     0   0   86     -4,-1.4    -2,-0.2    -3,-0.4    -1,-0.2   0.792 121.7  33.8 -94.7 -26.8    9.4    8.3   -8.6
  118  118 d F  H >< S-     0   0   26     -4,-2.0     3,-2.2     1,-0.2    -2,-0.2   0.512  82.5-174.3-104.4 -11.8    7.4   11.3   -9.7
  119  119 d A  G >< S+     0   0   67     -4,-1.6     3,-2.3     1,-0.3    -1,-0.2  -0.111  71.4   0.5  47.8-132.5    9.4   14.1   -8.3
  120  120 d K  G 3  S+     0   0  200      1,-0.3    -1,-0.3     3,-0.0    -5,-0.0   0.646 121.9  73.2 -58.2 -13.7    7.8   17.5   -8.8
  121  121 d E  G <  S+     0   0   97     -3,-2.2     2,-1.6     1,-0.2    -1,-0.3   0.665  78.9  79.3 -74.0 -16.2    4.8   16.0  -10.5
  122  122 d F  S <  S-     0   0   22     -3,-2.3    -1,-0.2    -7,-0.2    -4,-0.0  -0.792  80.2-172.8 -87.9  84.0    3.7   14.8   -7.1
  123  123 d T    >>  -     0   0   53     -2,-1.6     4,-3.2     1,-0.1     3,-0.5  -0.295  40.0-102.3 -79.2 168.7    2.3   18.2   -6.2
  124  124 d P  H 3> S+     0   0  108      0, 0.0     4,-2.1     0, 0.0     5,-0.1   0.843 128.2  48.6 -56.1 -31.5    1.1   19.1   -2.7
  125  125 d D  H 3> S+     0   0  121      2,-0.2     4,-1.1     1,-0.2  -115,-0.1   0.849 112.0  47.3 -75.8 -31.1   -2.5   18.7   -4.1
  126  126 d C  H <> S+     0   0    4     -3,-0.5     4,-1.8     2,-0.2     3,-0.5   0.908 110.4  53.6 -69.4 -49.8   -1.5   15.4   -5.7
  127  127 d Q  H  X S+     0   0   82     -4,-3.2     4,-2.4     1,-0.2    -2,-0.2   0.928 107.9  52.6 -41.5 -54.4    0.1   14.4   -2.2
  128  128 d A  H  X S+     0   0   55     -4,-2.1     4,-1.5     2,-0.2    -1,-0.2   0.803 107.6  47.8 -55.5 -44.5   -3.2   15.2   -0.5
  129  129 d A  H  X S+     0   0    2     -4,-1.1     4,-1.8    -3,-0.5    -1,-0.2   0.840 113.9  47.1 -67.7 -42.5   -5.4   13.0   -2.8
  130  130 d W  H  X S+     0   0    0     -4,-1.8     4,-1.9     2,-0.2     5,-0.2   0.814 108.2  56.2 -69.0 -40.1   -3.1   10.1   -2.5
  131  131 d Q  H  X S+     0   0   57     -4,-2.4     4,-1.3     2,-0.2    -2,-0.2   0.838 108.8  48.0 -58.6 -43.7   -2.9   10.6    1.3
  132  132 d K  H  X S+     0   0   18     -4,-1.5     4,-3.0    -5,-0.2     5,-0.2   0.913 109.9  52.5 -64.2 -43.5   -6.8   10.3    1.3
  133  133 d L  H  X S+     0   0    0     -4,-1.8     4,-2.0     2,-0.2    -2,-0.2   0.925 110.8  45.0 -57.6 -46.3   -6.7    7.1   -0.8
  134  134 d V  H  X S+     0   0    5     -4,-1.9     4,-3.0     2,-0.2    -1,-0.2   0.844 113.7  52.8 -67.9 -34.9   -4.2    5.2    1.5
  135  135 d R  H  X S+     0   0  155     -4,-1.3     4,-2.3    -5,-0.2    -2,-0.2   0.941 112.0  43.8 -68.8 -45.7   -6.3    6.4    4.4
  136  136 d V  H  X S+     0   0   19     -4,-3.0     4,-1.7     2,-0.2    -2,-0.2   0.843 116.3  47.6 -71.4 -31.3   -9.5    5.1    2.9
  137  137 d V  H  X S+     0   0    5     -4,-2.0     4,-1.4    -5,-0.2    -2,-0.2   0.908 111.3  49.7 -72.4 -43.7   -7.7    1.9    1.9
  138  138 d A  H  X S+     0   0   18     -4,-3.0     4,-0.9     1,-0.2    -2,-0.2   0.823 113.0  50.5 -59.6 -40.5   -6.2    1.5    5.4
  139  139 d H  H  < S+     0   0  133     -4,-2.3     4,-0.5     1,-0.2    -1,-0.2   0.835 106.5  51.2 -68.6 -39.7   -9.8    2.1    6.7
  140  140 d A  H  < S+     0   0    6     -4,-1.7    -1,-0.2     1,-0.2     4,-0.2   0.828 111.6  49.5 -66.6 -32.5  -11.5   -0.6    4.5
  141  141 d L  H  < S+     0   0   21     -4,-1.4     3,-0.4     1,-0.2    -1,-0.2   0.657 109.2  51.0 -75.4 -28.6   -8.8   -3.2    5.7
  142  142 d A  S >< S+     0   0   20     -4,-0.9     3,-1.6     1,-0.2    -1,-0.2   0.496  88.0  90.5 -86.1  -9.7   -9.4   -2.3    9.4
  143  143 d R  T 3  S+     0   0   92     -4,-0.5     3,-0.3     1,-0.3    -1,-0.2   0.835  73.6  59.9 -61.6 -32.3  -13.1   -2.8    9.0
  144  144 d K  T 3  S+     0   0   75     -3,-0.4    -1,-0.3     1,-0.3    -2,-0.1   0.396  81.7  95.9 -81.7  12.8  -13.5   -6.6    9.9
  145  145 d Y    <         0   0   90     -3,-1.6    -1,-0.3   -52,-0.0    -2,-0.1  -0.019 360.0 360.0 -86.9  23.1  -11.9   -5.3   13.2
  146  146 d H              0   0  200     -3,-0.3    -3,-0.0     0, 0.0     0, 0.0  -0.998 360.0 360.0-119.1 360.0  -15.4   -5.2   14.3
