#  RESIDUE AA STRUCTURE BP1 BP2  ACC     N-H-->O    O-->H-N    N-H-->O    O-->H-N    TCO  KAPPA ALPHA  PHI   PSI    X-CA   Y-CA   Z-CA 
    1   -2 G Q              0   0  157      0, 0.0    27,-2.7     0, 0.0     2,-0.4   0.000 360.0 360.0 360.0 169.6   26.1   50.9  -10.6
    2   -1 G T  E     -a   28   0A  74     25,-0.2     2,-0.3    27,-0.1    27,-0.2  -0.968 360.0-168.5-117.3 131.3   27.9   47.7  -11.6
    3    1 G V  E     -a   29   0A  22     25,-2.4    27,-2.9    -2,-0.4     2,-0.4  -0.915  14.6-135.9-115.8 146.5   30.9   46.4   -9.7
    4    2 G A  E     -a   30   0A  59     -2,-0.3     2,-0.4    25,-0.2    27,-0.2  -0.825  13.7-168.5-107.3 146.8   33.2   43.6  -10.9
    5    3 G I  E     -a   31   0A   0     25,-2.4    27,-2.6    -2,-0.4     2,-0.3  -0.998  19.6-134.7-127.9 126.4   34.6   40.7   -8.8
    6    4 G K  E     -aB  32  17A  79     11,-2.9    11,-2.2    -2,-0.4     2,-0.8  -0.645   7.1-142.3 -83.4 140.0   37.4   38.5  -10.3
    7    5 G M  E    S+aB  33  16A   0     25,-2.8    27,-2.5    -2,-0.3    28,-1.4  -0.903  85.3  21.3-102.2 106.6   37.1   34.7   -9.9
    8    6 G A  S    S-     0   0    0      7,-2.3     6,-0.2    -2,-0.8     9,-0.2   0.379  98.6-103.9 100.0 122.7   40.7   33.6   -9.3
    9    7 G A    >   -     0   0    4      4,-2.6     3,-1.9     1,-0.1    -2,-0.1  -0.409  18.8-118.1 -80.1 158.0   43.0   36.2   -8.0
   10    8 G D  T 3  S+     0   0   77      1,-0.3    -1,-0.1     2,-0.1     7,-0.0   0.889 114.9  58.6 -62.0 -32.9   45.7   38.0  -10.0
   11    9 G N  T 3  S-     0   0  104      1,-0.1    -1,-0.3     2,-0.0    -2,-0.1   0.294 124.3-101.0 -77.2  11.7   48.4   36.5   -7.7
   12   10 G A  S <  S+     0   0   62     -3,-1.9     2,-0.2     1,-0.3    -2,-0.1   0.448  75.8 138.5  88.6  -2.3   47.2   32.9   -8.5
   13   11 G M        -     0   0  112      1,-0.1    -4,-2.6    -5,-0.0     2,-1.4  -0.524  63.2-115.2 -79.8 151.2   45.2   32.2   -5.4
   14   12 G L  S    S+     0   0   54     -6,-0.2     2,-0.3    -2,-0.2    -1,-0.1  -0.697  77.7 107.7 -81.7  91.0   41.8   30.4   -5.5
   15   13 G A  S    S-     0   0   21     -2,-1.4    -7,-2.3    69,-0.2     2,-0.3  -0.977  73.6-107.7-160.3 160.2   39.8   33.4   -4.2
   16   14 G F  E     -B    7   0A   3     69,-0.4    -9,-0.2    -2,-0.3    -7,-0.1  -0.760  46.5-117.8 -90.3 147.8   37.4   36.0   -5.3
   17   15 G E  E    S+B    6   0A  72    -11,-2.2   -11,-2.9    -2,-0.3     2,-0.1  -0.966 104.6  28.9-137.0 112.9   39.0   39.5   -5.6
   18   16 G P  S    S-     0   0   54      0, 0.0    -1,-0.3     0, 0.0     3,-0.1   0.513  83.1-163.8 -78.7 149.3   38.0   41.5   -3.8
   19   17 G S  S    S+     0   0   69      1,-0.2    68,-2.4    -2,-0.1     2,-0.4   0.727  80.2  29.9 -74.2 -23.4   36.9   38.9   -1.3
   20   18 G T  E    S+d   87   0B  67     66,-0.2     2,-0.3     2,-0.0    68,-0.2  -0.998  73.0 172.6-133.3 133.9   34.6   41.4    0.6
   21   19 G I  E     -d   88   0B  29     66,-1.6    68,-2.8    -2,-0.4     2,-0.4  -0.983  19.7-148.0-141.1 146.1   32.8   44.2   -1.2
   22   20 G E  E     +d   89   0B 105     -2,-0.3     2,-0.3    66,-0.2    68,-0.2  -0.965  25.2 166.1-115.2 136.3   30.2   46.7   -0.1
   23   21 G I  E     -d   90   0B   3     66,-3.1    68,-3.3    -2,-0.4     2,-0.3  -0.826  35.4 -98.8-135.3-179.0   27.6   48.0   -2.5
   24   22 G Q    >   -     0   0  103     -2,-0.3     3,-2.4    66,-0.2    42,-0.2  -0.768  48.8 -89.0-103.2 149.0   24.3   49.8   -2.3
   25   23 G A  T 3  S+     0   0   34     66,-2.9    42,-0.2    -2,-0.3     3,-0.1  -0.305 117.9  31.0 -51.6 133.8   20.8   48.2   -2.6
   26   24 G A  T 3  S+     0   0   69     40,-3.3    -1,-0.3     1,-0.4    41,-0.2   0.257  91.1 126.4  99.2 -12.5   19.9   48.0   -6.3
   27   25 G D    <   -     0   0   17     -3,-2.4    39,-2.1    39,-0.5     2,-0.4  -0.433  55.6-127.8 -78.2 157.9   23.5   47.7   -7.5
   28   26 G T  E     -aC   2  65A  22    -27,-2.7   -25,-2.4    37,-0.2     2,-0.5  -0.870  11.2-150.0-110.3 136.7   24.6   44.9   -9.8
   29   27 G V  E     -aC   3  64A   0     35,-3.0    35,-2.0    -2,-0.4     2,-0.5  -0.924   9.1-163.4-104.5 130.7   27.6   42.6   -9.2
   30   28 G Q  E     -aC   4  63A  53    -27,-2.9   -25,-2.4    -2,-0.5     2,-0.4  -0.963   5.0-155.0-114.6 121.7   29.4   41.2  -12.2
   31   29 G W  E     -aC   5  62A   1     31,-2.5    31,-1.5    -2,-0.5     2,-0.5  -0.779  10.4-160.3 -94.2 138.1   31.7   38.1  -11.6
   32   30 G V  E     -aC   6  61A  35    -27,-2.6   -25,-2.8    -2,-0.4     2,-0.4  -0.984  20.5-123.7-124.2 122.8   34.5   37.8  -14.2
   33   31 G N  E     +a    7   0A   3     27,-2.6    26,-3.0    -2,-0.5   -25,-0.1  -0.549  44.6 159.1 -67.3 117.8   36.4   34.5  -14.8
   34   32 G N        -     0   0   47    -27,-2.5     2,-0.3    -2,-0.4   -26,-0.2   0.841  50.4 -15.7-108.4 -69.0   40.0   35.4  -14.3
   35   33 G K  S    S+     0   0   90    -28,-1.4    -1,-0.4   -22,-0.1   -26,-0.0  -0.963 110.8  28.1-142.3 156.0   42.3   32.5  -13.5
   36   34 G L  S    S-     0   0   84     -2,-0.3    -1,-0.1     1,-0.1   -28,-0.1   0.745  89.1-151.9  65.8  32.8   42.1   28.9  -12.4
   37   35 G A        +     0   0   42     19,-0.2    19,-0.2   -30,-0.1    -1,-0.1  -0.196  63.8  81.5 -66.1 159.7   38.7   28.1  -13.9
   38   36 G P        +     0   0   40      0, 0.0     2,-0.3     0, 0.0    18,-0.2   0.403  62.0 150.5 -84.3 158.8   36.3   26.5  -13.8
   39   37 G H  E     -G   55   0C   0     16,-1.4    16,-2.8    -2,-0.1     2,-0.3  -0.958  20.2-173.2-140.2 162.1   34.4   28.4  -11.1
   40   38 G N  E     -     0   0C   0     -2,-0.3     2,-0.4    14,-0.2    12,-0.2  -0.865  19.9-125.7-143.8-179.8   30.8   29.0  -10.1
   41   39 G V  E     -G   51   0C   1     10,-1.9    10,-3.4    -2,-0.3     2,-0.5  -0.942  18.7-179.6-137.7 118.2   28.9   31.2   -7.6
   42   40 G V  E     -E   75   0B  17     33,-2.7    33,-1.9    -2,-0.4     2,-0.7  -0.976  16.8-152.5-114.3 120.1   26.4   30.0   -5.1
   43   41 G V  E >   -E   74   0B   2     -2,-0.5     3,-2.4     3,-0.4    31,-0.3  -0.842  32.3-110.5 -92.1 113.3   25.0   32.8   -2.9
   44   42 G E  T 3  S-     0   0   88     29,-2.2    29,-0.2    -2,-0.7    -1,-0.0  -0.215  95.6  -1.2 -49.1 126.6   23.9   31.1    0.4
   45   49 G A  T 3  S+     0   0   91      1,-0.1    -1,-0.3    27,-0.1    27,-0.0   0.392 114.6  93.3  75.1  -3.5   20.1   31.1    0.8
   46   52 G Q    X   +     0   0   47     -3,-2.4     3,-1.6     1,-0.1     4,-0.5  -0.668  37.8 167.8-129.2  81.9   19.5   32.8   -2.5
   47   53 G P  G >  S+     0   0  104      0, 0.0     3,-1.0     0, 0.0     5,-0.1   0.852  80.0  60.5 -62.3 -33.7   19.0   30.5   -5.5
   48   54 G E  G 3  S+     0   0  121      1,-0.3    -2,-0.0     3,-0.1     0, 0.0   0.682 107.7  43.2 -70.2 -17.6   17.8   33.5   -7.6
   49   55 G L  G <  S+     0   0   25     -3,-1.6    -1,-0.3    -6,-0.2     2,-0.1   0.363  99.9  98.2-105.2   0.8   21.1   35.3   -7.2
   50   56 G S    <   -     0   0   31     -3,-1.0     2,-0.3    -4,-0.5    -8,-0.2  -0.470  56.0-157.5 -91.1 161.4   23.2   32.2   -7.8
   51   57 G H  E     +G   41   0C  53    -10,-3.4   -10,-1.9    -2,-0.1    -3,-0.1  -0.775  16.5 171.4-135.8  84.3   24.9   30.9  -10.9
   52   58 G K  E     +     0   0C 124     -2,-0.3    -1,-0.1   -12,-0.2     2,-0.1   0.757  49.4  98.6 -69.5 -26.1   25.5   27.1  -10.5
   53   59 G D  E    S-     0   0C 127      1,-0.1   -12,-0.2   -12,-0.1     2,-0.1  -0.420  83.1-111.1 -63.0 136.7   26.6   26.5  -14.1
   54   62 G L  E     -     0   0C  71    -14,-0.1     2,-0.6    -2,-0.1   -14,-0.2  -0.391  19.4-141.2 -70.3 146.1   30.4   26.3  -14.3
   55   63 G A  E     +G   39   0C   0    -16,-2.8   -16,-1.4     1,-0.1    -1,-0.1  -0.910  26.0 169.7-106.5 117.2   32.3   29.1  -16.1
   56   64 G F        +     0   0  128     -2,-0.6   -19,-0.2   -18,-0.2    -1,-0.1   0.819  48.1  71.3 -97.4 -38.2   35.3   27.7  -18.1
   57   65 G S  S >  S-     0   0   71      1,-0.1     3,-1.9     2,-0.0   -24,-0.2  -0.662  84.0-105.8 -92.0 144.7   36.7   30.5  -20.3
   58   66 G P  T 3  S+     0   0   98      0, 0.0   -24,-0.2     0, 0.0     3,-0.1  -0.308 106.5  23.4 -61.2 136.1   38.7   33.5  -19.2
   59   67 G A  T 3  S+     0   0   71    -26,-3.0   -25,-0.1     1,-0.3     2,-0.1   0.271  81.8 142.9  92.3 -14.7   36.6   36.6  -19.4
   60   68 G E    <   -     0   0   71     -3,-1.9   -27,-2.6   -28,-0.1     2,-0.3  -0.407  32.2-168.0 -59.7 135.1   33.2   34.8  -19.1
   61   69 G T  E     +C   32   0A  68    -29,-0.2     2,-0.3    -3,-0.1   -29,-0.2  -0.897  19.8 174.1-126.3 159.8   30.9   37.0  -17.0
   62   70 G F  E     -C   31   0A  20    -31,-1.5   -31,-2.5    -2,-0.3     2,-0.3  -0.948  15.7-154.3-153.2 160.0   27.6   36.7  -15.2
   63   71 G E  E     -C   30   0A 116     -2,-0.3     2,-0.3   -33,-0.2   -33,-0.2  -0.921  13.2-164.9-139.7 166.3   25.7   39.1  -12.9
   64   72 G A  E     -C   29   0A  11    -35,-2.0   -35,-3.0    -2,-0.3     2,-0.5  -0.973  17.8-138.9-150.1 141.6   23.2   39.4  -10.1
   65   73 G T  E     -C   28   0A  71     -2,-0.3     2,-0.8   -37,-0.2   -37,-0.2  -0.915  13.6-151.3-105.7 124.9   21.4   42.5   -8.8
   66   74 G F        +     0   0    0    -39,-2.1   -40,-3.3    -2,-0.5   -39,-0.5  -0.881  22.6 168.4-100.6 107.4   21.1   42.7   -5.0
   67   75 G S        +     0   0   88     -2,-0.8    -1,-0.1   -42,-0.2   -42,-0.1   0.639  56.5  70.8 -93.8 -15.8   17.9   44.6   -4.2
   68   76 G E  S    S-     0   0  127    -43,-0.1    22,-0.1   -42,-0.0    -1,-0.1  -0.906  80.6-123.2-109.7 127.4   17.8   43.8   -0.4
   69   77 G P        +     0   0   78      0, 0.0     2,-0.3     0, 0.0    22,-0.2  -0.169  63.3  89.3 -57.6 149.8   20.2   45.2    2.2
   70   78 G A  E    S- F   0  90B  46     20,-2.1    20,-3.4     2,-0.0     2,-0.5  -0.883  77.6 -70.3 147.5 178.7   22.1   42.7    4.2
   71   79 G T  E     - F   0  89B  82     -2,-0.3     2,-0.4    18,-0.2    18,-0.2  -0.952  43.6-165.2-109.4 129.3   25.3   40.6    4.3
   72   80 G Y  E     - F   0  88B  21     16,-3.4    16,-2.7    -2,-0.5     2,-0.4  -0.939   7.0-156.9-118.8 131.7   25.5   37.8    1.7
   73   81 G T  E     + F   0  87B  48     -2,-0.4   -29,-2.2   -29,-0.2     2,-0.3  -0.883  18.6 176.4-102.3 140.0   28.1   34.9    1.8
   74   82 G Y  E     -EF  43  86B   0     12,-2.4    12,-2.9    -2,-0.4     2,-0.3  -0.941   5.1-173.9-139.9 159.9   28.8   33.2   -1.5
   75   83 G Y  E     -EF  42  85B  33    -33,-1.9   -33,-2.7    -2,-0.3     2,-0.5  -0.965  29.2-113.5-150.4 165.5   31.2   30.4   -2.5
   76   84 G C     >  -     0   0    0      8,-2.2     4,-0.5    -2,-0.3     8,-0.2  -0.890  24.0-148.1 -98.6 126.4   32.6   28.5   -5.5
   77   85 G E  T >4 S+     0   0   79     -2,-0.5     3,-1.2     2,-0.2     4,-0.4   0.972  94.7  48.2 -65.1 -50.9   31.6   24.8   -5.4
   78   86 G P  T 34 S+     0   0   62      0, 0.0     3,-0.2     0, 0.0    -1,-0.2   0.857 126.2  29.3 -55.7 -37.3   34.7   23.3   -7.1
   79   87 G H  T >4>S+     0   0   40      1,-0.1     5,-2.0     5,-0.1     3,-1.2   0.192  82.6 109.2-111.4  17.3   37.0   25.3   -4.8
   80   88 G R  G X<5S+     0   0  119     -3,-1.2     3,-1.8    -4,-0.5    -1,-0.1   0.906  79.0  58.0 -60.0 -37.5   35.0   25.7   -1.6
   81   89 G A  G 3 5S+     0   0  107     -4,-0.4    -1,-0.3     1,-0.3    -2,-0.1   0.717 102.2  54.6 -62.9 -25.2   37.4   23.3    0.1
   82   90 G A  G < 5S-     0   0   53     -3,-1.2    -1,-0.3     2,-0.1    -2,-0.2   0.360 126.6 -99.3 -91.3   4.9   40.3   25.6   -0.8
   83   91 G A  T < 5 +     0   0   73     -3,-1.8     2,-2.0    -4,-0.3    -3,-0.2   0.612  66.2 156.8  90.7  14.5   38.6   28.6    0.9
   84   92 G M      < +     0   0    0     -5,-2.0    -8,-2.2    -8,-0.2     2,-0.3  -0.481  28.7 131.2 -77.9  83.8   37.1   30.2   -2.2
   85   93 G V  E     - F   0  75B  60     -2,-2.0   -69,-0.4   -10,-0.2     2,-0.3  -0.969  33.7-171.5-133.2 144.7   34.4   32.1   -0.4
   86   94 G A  E     - F   0  74B   5    -12,-2.9   -12,-2.4    -2,-0.3     2,-0.4  -0.855  13.2-138.4-136.5 173.6   33.4   35.7   -0.6
   87   95 G K  E     -dF  20  73B  91    -68,-2.4   -66,-1.6    -2,-0.3     2,-0.5  -0.988   6.7-166.4-135.6 140.1   31.1   38.3    1.1
   88   96 G I  E     -dF  21  72B   0    -16,-2.7   -16,-3.4    -2,-0.4     2,-0.5  -0.998   7.5-161.5-123.8 125.6   28.9   41.0   -0.3
   89   97 G V  E     -dF  22  71B  25    -68,-2.8   -66,-3.1    -2,-0.5     2,-0.7  -0.923   6.7-157.1-106.0 123.4   27.5   43.7    2.0
   90   98 G V  E      dF  23  70B   6    -20,-3.4   -20,-2.1    -2,-0.5   -66,-0.2  -0.924 360.0 360.0-109.8 118.8   24.6   45.6    0.7
   91   99 G Q              0   0  124    -68,-3.3   -66,-2.9    -2,-0.7   -69,-0.0  -0.541 360.0 360.0 -88.7 360.0   24.1   49.0    2.2
