#  RESIDUE AA STRUCTURE BP1 BP2  ACC     N-H-->O    O-->H-N    N-H-->O    O-->H-N    TCO  KAPPA ALPHA  PHI   PSI    X-CA   Y-CA   Z-CA 
    1   37 G S              0   0  116      0, 0.0     4,-0.1     0, 0.0    79,-0.1   0.000 360.0 360.0 360.0-105.7  143.5    8.0   -9.3
    2   38 G K        -     0   0  127      2,-0.3    55,-0.2    77,-0.1    56,-0.2  -0.048 360.0 -18.3-165.6 -90.4  139.9    7.6  -10.5
    3   39 G T  S    S+     0   0    7     54,-0.1    48,-2.4    76,-0.1     2,-0.5   0.652  99.0  86.2-117.5 -19.8  136.8    5.8   -8.9
    4   40 G N  E     -A   50   0A  58     46,-0.2    75,-2.4    75,-0.2    -2,-0.3  -0.749  53.4-174.5 -93.4 126.8  138.1    3.4   -6.3
    5   41 G L  E     -AB  49  78A   0     44,-2.9    44,-1.8    -2,-0.5     2,-0.5  -0.836  18.6-146.4-118.3 154.0  138.7    4.6   -2.7
    6   42 G I  E     -AB  48  77A  32     71,-2.7    71,-2.1    -2,-0.3     2,-0.6  -0.978  14.4-157.5-117.2 130.9  140.1    3.0    0.4
    7   43 G V  E     -AB  47  76A   0     40,-3.1    40,-2.1    -2,-0.5     3,-0.2  -0.959  14.9-171.5-113.1 120.1  138.6    4.2    3.7
    8   44 G N  E     + B   0  75A  39     67,-2.3    67,-2.0    -2,-0.6    38,-0.2  -0.648  55.1  33.4-109.6 166.1  140.7    3.7    6.8
    9   45 G Y  S    S+     0   0  136     36,-0.4    37,-0.2    -2,-0.2    -1,-0.2   0.882  70.7 168.9  59.7  44.1  140.3    4.1   10.5
   10   46 G L        -     0   0    2     35,-2.8    -1,-0.2    -3,-0.2     2,-0.1  -0.631  40.4-103.1 -84.1 142.6  136.6    3.0   10.5
   11   47 G P    >   -     0   0    2      0, 0.0     3,-1.3     0, 0.0    34,-0.1  -0.369  21.2-123.3 -68.3 147.1  135.1    2.3   14.0
   12   48 G Q  T 3  S+     0   0  113      1,-0.3    31,-0.3    32,-0.1    33,-0.1   0.766 111.1  57.1 -59.1 -25.4  134.7   -1.3   15.0
   13   49 G N  T 3  S+     0   0   95      2,-0.1    -1,-0.3    30,-0.0     2,-0.2   0.700  79.7 107.0 -81.4 -20.1  131.0   -0.6   15.5
   14   50 G M    <   -     0   0   14     -3,-1.3    31,-0.1    55,-0.1     2,-0.1  -0.421  61.2-143.2 -66.9 128.8  130.2    0.6   12.0
   15   51 G T     >  -     0   0   49     -2,-0.2     4,-2.2     1,-0.1     5,-0.1  -0.383  23.5-109.3 -88.3 166.0  128.2   -1.8    9.9
   16   52 G Q  H  > S+     0   0   60      1,-0.2     4,-2.4     2,-0.2     5,-0.1   0.835 121.1  48.4 -60.0 -35.7  128.4   -2.7    6.2
   17   53 G E  H  > S+     0   0  129      2,-0.2     4,-2.2     1,-0.2    -1,-0.2   0.857 110.7  47.7 -75.7 -37.7  125.1   -0.9    5.7
   18   54 G E  H  > S+     0   0  106      2,-0.2     4,-2.4     3,-0.2    -2,-0.2   0.832 113.2  52.1 -70.0 -31.1  126.1    2.2    7.6
   19   55 G F  H  X S+     0   0    0     -4,-2.2     4,-2.2     2,-0.2     5,-0.3   0.966 114.1  39.9 -67.0 -54.1  129.3    2.2    5.5
   20   56 G R  H  X S+     0   0  108     -4,-2.4     4,-1.9     1,-0.2    -2,-0.2   0.818 116.1  53.5 -64.6 -31.2  127.4    1.9    2.2
   21   57 G S  H  X S+     0   0   81     -4,-2.2     4,-0.8     2,-0.2    -1,-0.2   0.913 108.3  48.7 -70.3 -42.8  124.9    4.4    3.5
   22   58 G L  H  < S+     0   0   39     -4,-2.4     3,-0.3     1,-0.2    -2,-0.2   0.923 121.7  33.7 -64.0 -45.7  127.5    7.0    4.4
   23   59 G F  H >X S+     0   0    0     -4,-2.2     3,-1.2     1,-0.2     4,-0.8   0.732 108.7  66.2 -84.7 -20.6  129.3    6.7    1.1
   24   60 G A  H 3< S+     0   0   44     -4,-1.9    -1,-0.2    -5,-0.3    -2,-0.2   0.689  89.1  69.4 -71.4 -17.2  126.2    6.1   -0.9
   25   61 G S  T 3< S+     0   0   90     -4,-0.8    -1,-0.3    -3,-0.3    -2,-0.2   0.721  92.5  59.1 -72.3 -20.0  125.1    9.6    0.0
   26   62 G I  T <4 S-     0   0   20     -3,-1.2     2,-0.3     1,-0.3    -1,-0.2   0.928 122.9 -66.6 -73.6 -46.8  127.8   11.0   -2.2
   27   63 G A  S  < S-     0   0   15     -4,-0.8    -1,-0.3    29,-0.0     2,-0.0  -0.964  78.1 -25.3 175.7-175.4  126.6    9.4   -5.4
   28   64 G E        -     0   0  137     -2,-0.3    24,-1.6    -3,-0.1    25,-0.5  -0.267  54.2-150.8 -59.9 133.2  126.0    6.1   -7.1
   29   65 G I  E     -C   51   0A  26     22,-0.2    22,-0.3     1,-0.1     3,-0.1  -0.886  16.3-166.1-108.4 133.3  128.3    3.2   -6.0
   30   66 G E  E    S-     0   0A 105     20,-2.7     2,-0.3    -2,-0.4    21,-0.2   0.851  77.5 -28.1 -83.0 -36.4  129.3    0.4   -8.4
   31   67 G S  E     -C   50   0A  47     19,-1.8    19,-3.5     2,-0.0    -1,-0.4  -0.975  58.4-179.3-170.1 161.7  130.5   -1.6   -5.4
   32   68 G C  E     -C   49   0A  17     -2,-0.3     2,-0.4    17,-0.3    17,-0.2  -0.947   5.9-165.2-166.4 149.3  131.9   -1.3   -1.9
   33   69 G K  E     -C   48   0A 133     15,-2.2    15,-2.3    -2,-0.3     2,-0.9  -0.985  20.4-142.5-148.1 133.0  133.0   -3.6    0.9
   34   70 G L  E     -C   47   0A   8     -2,-0.4    13,-0.2    13,-0.2     2,-0.2  -0.858  40.8-126.9 -90.0 111.0  133.8   -3.3    4.6
   35   71 G V  E     -     0   0A  24     11,-1.4     9,-2.9    -2,-0.9    11,-0.5  -0.440  33.3-175.9 -67.8 130.1  136.8   -5.6    4.8
   36   72 G R  E     -C   43   0A 147      7,-0.3     7,-0.2    -2,-0.2     6,-0.1  -0.887  35.3 -86.1-126.2 155.9  136.5   -8.3    7.5
   37   73 G D     >  -     0   0   61      5,-2.8     4,-1.4    -2,-0.3    -1,-0.0  -0.340  37.6-128.2 -59.3 136.0  138.7  -11.0    8.9
   38   74 G K  T  4 S+     0   0  191      2,-0.1    -1,-0.1     1,-0.1    -2,-0.0   0.756 102.1  24.5 -59.6 -29.0  138.4  -14.2    6.8
   39   75 G I  T  4 S+     0   0  135      3,-0.1    -1,-0.1     0, 0.0    -2,-0.0   0.851 128.0  38.1-104.3 -53.8  137.7  -16.4    9.8
   40   76 G T  T  4 S-     0   0   81      2,-0.1    -2,-0.1     1,-0.1     3,-0.1   0.745  89.1-140.6 -72.6 -23.4  136.3  -14.2   12.6
   41   77 G A     <  +     0   0   45     -4,-1.4     2,-0.2     1,-0.3    -3,-0.1   0.593  52.5 141.6  74.2   7.9  134.2  -12.1   10.3
   42   78 G Q        -     0   0  114      1,-0.1    -5,-2.8    -6,-0.1    -1,-0.3  -0.565  61.2 -93.9 -84.7 148.5  135.0   -9.0   12.3
   43   79 G S  E     - C   0  36A  14    -31,-0.3    -7,-0.3    -7,-0.2    -1,-0.1  -0.279  23.6-151.2 -59.4 141.1  135.7   -5.6   10.7
   44   80 G L  E     -     0   0A  73     -9,-2.9    -1,-0.1     2,-0.4    -8,-0.1   0.386  48.2-102.1 -95.3   1.8  139.3   -4.9   10.0
   45   81 G A  E    S+     0   0A  32    -10,-0.4   -35,-2.8     1,-0.2   -36,-0.4   0.534  92.4  66.8  93.2   4.5  138.8   -1.2   10.3
   46   82 G Y  E     +     0   0A  74    -11,-0.5   -11,-1.4   -37,-0.2    -2,-0.4  -0.964  51.0 178.8-150.9 166.5  138.8   -0.3    6.7
   47   83 G A  E     -AC   7  34A   0    -40,-2.1   -40,-3.1    -2,-0.3     2,-0.4  -0.921  22.5-116.4-156.8-180.0  136.9   -0.7    3.5
   48   84 G F  E     -AC   6  33A  67    -15,-2.3   -15,-2.2    -2,-0.3     2,-0.4  -0.971  15.5-168.8-130.9 144.8  136.7    0.2   -0.2
   49   85 G V  E     -AC   5  32A   0    -44,-1.8   -44,-2.9    -2,-0.4     2,-0.6  -0.987   3.5-166.9-134.5 122.6  134.1    2.1   -2.2
   50   86 G N  E     -AC   4  31A  28    -19,-3.5   -20,-2.7    -2,-0.4   -19,-1.8  -0.941  12.2-158.8-112.7 113.9  134.1    2.2   -6.0
   51   87 G Y  E     - C   0  29A   2    -48,-2.4   -22,-0.2    -2,-0.6   -23,-0.1  -0.451  21.3-134.9 -87.1 162.8  132.0    4.9   -7.5
   52   88 G I  S    S+     0   0  108    -24,-1.6    -1,-0.1     1,-0.2   -23,-0.1   0.907  97.6  49.2 -78.8 -45.3  130.6    4.9  -11.1
   53   89 G D  S >> S-     0   0   65    -25,-0.5     3,-1.5     1,-0.1     4,-1.1  -0.833  74.1-149.1 -99.0 121.0  131.5    8.5  -11.6
   54   90 G P  H 3> S+     0   0   58      0, 0.0     4,-2.0     0, 0.0     5,-0.1   0.803  97.3  67.5 -58.8 -24.8  135.1    9.5  -10.7
   55   91 G K  H 3> S+     0   0  141      1,-0.2     4,-1.9     2,-0.2     5,-0.1   0.842  98.9  50.2 -63.6 -31.9  133.8   12.9   -9.8
   56   92 G D  H <> S+     0   0   16     -3,-1.5     4,-2.7     2,-0.2    -1,-0.2   0.812 105.3  55.6 -75.0 -30.5  131.9   11.4   -6.9
   57   93 G A  H  X S+     0   0    0     -4,-1.1     4,-1.8     2,-0.2    -2,-0.2   0.911 110.2  47.6 -66.2 -39.1  135.1    9.6   -5.7
   58   94 G E  H  X S+     0   0   98     -4,-2.0     4,-2.4     1,-0.2    -2,-0.2   0.913 111.8  48.7 -66.0 -41.8  136.6   13.0   -5.6
   59   95 G K  H  X S+     0   0   97     -4,-1.9     4,-2.6     1,-0.2     5,-0.3   0.870 107.3  56.6 -65.4 -37.3  133.6   14.5   -3.8
   60   96 G A  H  X>S+     0   0    0     -4,-2.7     4,-2.8     2,-0.2     5,-0.5   0.911 110.1  44.1 -60.2 -46.2  133.8   11.6   -1.3
   61   97 G I  H  X5S+     0   0   34     -4,-1.8     4,-1.5     3,-0.2    -2,-0.2   0.949 115.0  48.9 -63.5 -49.2  137.4   12.5   -0.4
   62   98 G N  H  <5S+     0   0  115     -4,-2.4    -2,-0.2     1,-0.2    -1,-0.2   0.843 124.7  28.4 -60.4 -37.1  136.7   16.2   -0.2
   63   99 G T  H  <5S+     0   0   83     -4,-2.6    -2,-0.2    -5,-0.2    -3,-0.2   0.806 126.8  36.6 -98.3 -31.9  133.7   15.8    2.0
   64  100 G L  H ><5S+     0   0   14     -4,-2.8     3,-2.1    -5,-0.3    -3,-0.2   0.707  82.4 104.7 -97.8 -22.0  134.2   12.6    4.1
   65  101 G N  T 3<<S+     0   0   72     -4,-1.5    10,-0.2    -5,-0.5     3,-0.1  -0.396  91.2  20.4 -60.7 133.5  138.0   12.6    4.8
   66  102 G A  T 3  S+     0   0   50      8,-2.5    -1,-0.3     1,-0.3     2,-0.2   0.474  84.4 152.5  87.6   0.3  138.5   13.6    8.4
   67  103 G L    <   -     0   0   61     -3,-2.1     7,-2.4     7,-0.1     2,-0.7  -0.475  42.4-133.4 -65.6 130.6  134.9   12.8    9.5
   68  104 G R  E     +D   73   0B 192      5,-0.2     2,-0.5    -2,-0.2     5,-0.2  -0.794  27.9 177.3 -94.1 114.0  134.9   11.8   13.1
   69  105 G L  E >   -D   72   0B  31      3,-1.2     3,-2.8    -2,-0.7     2,-0.1  -0.971  61.0 -48.4-117.4 121.1  132.9    8.7   13.9
   70  106 G Q  T 3  S-     0   0  122     -2,-0.5    -2,-0.0     1,-0.3     0, 0.0  -0.357 126.2 -18.0  54.5-120.5  132.8    7.4   17.5
   71  107 G T  T 3  S+     0   0  136     -2,-0.1    -1,-0.3    -3,-0.0     2,-0.2   0.447 124.0  87.8 -95.1   2.7  136.5    7.4   18.6
   72  108 G K  E <   -D   69   0B  80     -3,-2.8    -3,-1.2     0, 0.0     2,-0.5  -0.569  59.9-152.7-103.8 163.3  137.9    7.6   15.1
   73  109 G T  E     -D   68   0B  78     -5,-0.2    -5,-0.2    -2,-0.2    -6,-0.1  -0.937  35.0-141.6-127.8  99.1  138.8   10.2   12.5
   74  110 G I        -     0   0    2     -7,-2.4    -8,-2.5    -2,-0.5     2,-0.4  -0.211   6.8-146.0 -66.8 156.3  138.3    8.3    9.2
   75  111 G K  E     -B    8   0A 101    -67,-2.0   -67,-2.3   -10,-0.2     2,-0.5  -0.979  10.1-167.9-122.9 135.0  140.6    8.8    6.2
   76  112 G V  E     +B    7   0A   3     -2,-0.4     2,-0.3   -69,-0.2   -69,-0.2  -0.991  24.8 141.9-125.5 121.3  139.3    8.6    2.7
   77  113 G S  E     -B    6   0A  32    -71,-2.1   -71,-2.7    -2,-0.5     2,-0.2  -0.895  53.8 -68.6-148.5 176.9  141.8    8.4   -0.2
   78  114 G Y  E     -B    5   0A  77     -2,-0.3     2,-0.5   -73,-0.3   -73,-0.3  -0.511  45.6-126.0 -74.3 136.9  142.4    6.7   -3.5
   79  115 G A        -     0   0    7    -75,-2.4   -75,-0.2    -2,-0.2   -77,-0.1  -0.721  22.6-139.0 -83.7 125.8  142.9    3.0   -3.5
   80  116 G R        -     0   0  215     -2,-0.5    -1,-0.0     1,-0.2   -75,-0.0  -0.466  44.2 -71.4 -78.4 158.1  146.1    2.1   -5.3
   81  117 G P              0   0  130      0, 0.0    -1,-0.2     0, 0.0     0, 0.0  -0.193 360.0 360.0 -50.9 138.1  146.0   -1.0   -7.5
   82  118 G S              0   0  176     -3,-0.1    -3,-0.0     0, 0.0     0, 0.0  -0.532 360.0 360.0 -67.7 360.0  145.8   -4.2   -5.5