#  RESIDUE AA STRUCTURE BP1 BP2  ACC     N-H-->O    O-->H-N    N-H-->O    O-->H-N    TCO  KAPPA ALPHA  PHI   PSI    X-CA   Y-CA   Z-CA 
    1    1 D V    >         0   0   47      0, 0.0     3,-1.6     0, 0.0     4,-0.4   0.000 360.0 360.0 360.0 -20.8   13.6   35.7    0.2
    2    2 D D  G >   +     0   0   97      1,-0.3     3,-1.0     2,-0.2    42,-0.0   0.778 360.0  61.3 -67.8 -23.4   13.4   37.9    3.2
    3    3 D A  G 3  S+     0   0   73      1,-0.3    -1,-0.3   105,-0.0     0, 0.0   0.722 100.0  57.5 -75.3 -18.5   10.3   36.4    4.8
    4    4 D F  G <  S+     0   0    8     -3,-1.6    -1,-0.3   102,-0.0    -2,-0.2   0.594  83.2 108.2 -78.3 -19.4   11.9   33.0    5.1
    5    5 D L    <   +     0   0   38     -3,-1.0     2,-0.3    -4,-0.4    38,-0.2  -0.389  55.6  50.0 -69.5 138.9   14.8   34.3    7.2
    6    6 D A  E    S-A   42   0A  27     36,-2.2    36,-2.5    -2,-0.1     2,-0.4  -0.849  89.8 -45.7 138.5-161.8   15.0   33.4   10.8
    7    7 D T  E     -A   41   0A  37    124,-0.7   124,-3.2    -2,-0.3     2,-0.3  -0.924  50.6-175.1-112.9 127.5   14.8   30.5   13.3
    8    8 D W  E     -AB  40 130A   5     32,-2.9    32,-2.5    -2,-0.4     2,-0.4  -0.954   9.8-155.7-124.7 142.3   12.0   27.9   12.8
    9    9 D K  E     -AB  39 129A  89    120,-2.7   120,-2.8    -2,-0.3     2,-0.3  -0.940  26.4-110.1-123.4 141.4   11.0   24.9   14.9
   10   10 D L  E     + B   0 128A  15     28,-2.1   118,-0.3    -2,-0.4     3,-0.1  -0.464  39.7 163.1 -70.0 134.0    9.1   21.8   13.8
   11   11 D V  E     +     0   0A  64    116,-3.1     2,-0.3     1,-0.3   117,-0.2   0.547  63.2  19.4-122.9 -17.1    5.6   21.6   15.2
   12   12 D D  E     - B   0 127A  63    115,-1.4   115,-2.7     2,-0.0    -1,-0.3  -0.980  55.2-174.1-155.3 148.7    3.9   19.0   12.9
   13   13 D S  E     - B   0 126A  46     -2,-0.3     2,-0.4   113,-0.2   113,-0.2  -0.978   1.9-171.3-147.8 132.2    4.9   16.2   10.5
   14   14 D K  E    S- B   0 125A 114    111,-2.3   111,-1.8    -2,-0.3    -2,-0.0  -0.996  70.9 -10.0-127.2 126.7    2.9   14.0    8.2
   15   15 D N  S  > S+     0   0   91     -2,-0.4     4,-1.6   109,-0.2     3,-0.2   0.622  75.0 140.8  68.1  28.2    4.2   11.0    6.3
   16   16 D F  H  > S+     0   0   39      1,-0.2     4,-2.7     2,-0.2     5,-0.2   0.864  70.9  58.8 -68.7 -33.2    7.9   11.5    6.9
   17   17 D D  H  > S+     0   0   60      1,-0.2     4,-2.9     2,-0.2    -1,-0.2   0.916 104.1  50.0 -57.7 -46.3    8.3    7.7    7.3
   18   18 D D  H  > S+     0   0   81     -3,-0.2     4,-1.9     2,-0.2    -1,-0.2   0.900 111.1  50.0 -57.2 -46.2    7.0    7.1    3.8
   19   19 D Y  H  X S+     0   0   10     -4,-1.6     4,-1.3     2,-0.2    -2,-0.2   0.929 112.7  45.0 -56.9 -51.8    9.4    9.7    2.5
   20   20 D M  H  X>S+     0   0   11     -4,-2.7     5,-2.3     1,-0.2     4,-0.7   0.914 111.3  53.7 -62.1 -41.9   12.4    8.2    4.3
   21   21 D K  H ><5S+     0   0  116     -4,-2.9     3,-1.1     1,-0.2    -1,-0.2   0.896 106.2  53.3 -57.0 -45.5   11.4    4.7    3.2
   22   22 D S  H 3<5S+     0   0   44     -4,-1.9    -1,-0.2     1,-0.3    -2,-0.2   0.826 107.3  51.3 -61.2 -35.1   11.3    5.8   -0.4
   23   23 D L  H 3<5S-     0   0   19     -4,-1.3    -1,-0.3    -3,-0.4    -2,-0.2   0.520 121.2-108.0 -79.9  -9.9   14.8    7.1   -0.2
   24   24 D A  T <<5 +     0   0   88     -3,-1.1     2,-0.2    -4,-0.7    -3,-0.2   0.616  59.0 163.5  95.4  13.9   16.1    3.8    1.3
   25   25 D V      < -     0   0   17     -5,-2.3    -1,-0.3    -6,-0.2    -2,-0.0  -0.484  39.5-113.5 -68.7 133.4   16.6    5.0    4.8
   26   26 D A     >  -     0   0   60     -2,-0.2     4,-2.2     1,-0.1     3,-0.4  -0.181  21.5-109.1 -72.0 157.5   17.0    2.1    7.3
   27   27 D F  H  > S+     0   0  141      1,-0.2     4,-2.3     2,-0.2     5,-0.1   0.833 113.7  54.1 -58.5 -35.5   14.4    1.3   10.0
   28   28 D A  H  > S+     0   0   53      2,-0.2     4,-1.7     1,-0.2    -1,-0.2   0.909 110.4  46.2 -69.8 -37.4   16.6    2.3   12.9
   29   29 D T  H  > S+     0   0   50     -3,-0.4     4,-2.6     2,-0.2    -1,-0.2   0.898 110.2  54.7 -66.2 -38.5   17.3    5.8   11.5
   30   30 D R  H  X S+     0   0   43     -4,-2.2     4,-1.8     1,-0.2    -2,-0.2   0.920 104.2  56.0 -63.5 -37.7   13.6    6.2   10.7
   31   31 D Q  H  X S+     0   0  129     -4,-2.3     4,-0.6     2,-0.2    -1,-0.2   0.942 111.9  40.5 -54.2 -55.1   12.8    5.4   14.4
   32   32 D V  H >< S+     0   0   53     -4,-1.7     3,-1.2     1,-0.2     4,-0.3   0.911 113.1  54.8 -65.5 -39.4   15.0    8.2   15.7
   33   33 D A  H >< S+     0   0   13     -4,-2.6     3,-1.0     1,-0.3    -1,-0.2   0.838  98.8  62.4 -63.1 -30.1   13.9   10.6   13.0
   34   34 D S  H 3< S+     0   0   80     -4,-1.8    -1,-0.3     1,-0.2    -2,-0.2   0.720 110.1  39.9 -69.4 -21.3   10.3   10.1   13.8
   35   35 D M  T << S+     0   0  157     -3,-1.2     2,-0.4    -4,-0.6    -1,-0.2   0.235  94.2 101.5-107.5   2.9   10.8   11.5   17.3
   36   36 D T    <   -     0   0   15     -3,-1.0    19,-0.0    -4,-0.3    -3,-0.0  -0.779  51.2-163.0 -92.7 139.3   13.2   14.3   16.4
   37   37 D K        -     0   0  158     -2,-0.4    19,-0.1   -26,-0.0    -3,-0.0  -0.873  20.2-157.6-121.8  97.1   12.1   18.0   16.2
   38   38 D P        -     0   0   11      0, 0.0   -28,-2.1     0, 0.0     2,-0.4  -0.257  11.9-136.0 -73.8 162.4   14.7   20.0   14.3
   39   39 D T  E     -AC   9  54A  22     15,-2.5    15,-3.1   -30,-0.2     2,-0.4  -0.976  17.7-158.4-111.6 132.6   15.4   23.7   14.3
   40   40 D T  E     -AC   8  53A   4    -32,-2.5   -32,-2.9    -2,-0.4     2,-0.4  -0.952   5.0-167.5-114.3 129.2   16.0   25.3   10.9
   41   41 D I  E     -AC   7  52A  27     11,-2.6    11,-2.9    -2,-0.4     2,-0.5  -0.982   1.1-170.1-115.6 127.6   17.9   28.5   10.6
   42   42 D I  E     +AC   6  51A   5    -36,-2.5   -36,-2.2    -2,-0.4     2,-0.3  -0.985  14.2 167.5-122.1 121.9   17.9   30.5    7.4
   43   43 D E  E     - C   0  50A  88      7,-2.3     7,-2.8    -2,-0.5     2,-0.4  -0.921  18.6-149.6-132.6 156.5   20.3   33.4    7.1
   44   44 D K  E     - C   0  49A  99     -2,-0.3     2,-0.3     5,-0.2     5,-0.2  -0.963  14.1-179.3-130.7 144.0   21.5   35.6    4.3
   45   45 D N  E >  S- C   0  48A 129      3,-2.4     3,-2.0    -2,-0.4     2,-0.2  -0.882  73.4 -56.3-135.9  96.8   24.7   37.5    3.6
   46   46 D A  T 3  S-     0   0   78     -2,-0.3    -1,-0.1     1,-0.3     0, 0.0  -0.449 120.9 -16.2  67.2-131.4   24.4   39.3    0.3
   47   47 D D  T 3  S+     0   0  101     -2,-0.2     2,-0.6    -3,-0.1    19,-0.5   0.318 118.1  96.0 -85.5   4.3   23.5   36.8   -2.3
   48   48 D I  E <   -C   45   0A  54     -3,-2.0    -3,-2.4    17,-0.1     2,-0.4  -0.889  56.6-162.6-102.8 122.2   24.6   33.8   -0.3
   49   49 D L  E     -CD  44  64A   6     15,-2.9    15,-2.2    -2,-0.6     2,-0.4  -0.816   1.3-159.8 -97.0 146.0   22.0   31.9    1.8
   50   50 D T  E     -CD  43  63A  25     -7,-2.8    -7,-2.3    -2,-0.4     2,-0.5  -0.996   4.0-169.2-124.3 129.5   22.9   29.6    4.6
   51   51 D L  E     -CD  42  62A  10     11,-2.8    11,-1.9    -2,-0.4     2,-0.4  -0.975   6.2-175.0-123.0 115.8   20.4   26.9    5.7
   52   52 D K  E     -CD  41  61A  48    -11,-2.9   -11,-2.6    -2,-0.5     2,-0.5  -0.906   8.0-167.8-108.5 134.2   21.2   25.1    9.0
   53   53 D T  E     -CD  40  60A  31      7,-2.6     7,-2.4    -2,-0.4     2,-0.4  -0.992  14.5-174.0-123.6 115.9   19.2   22.2   10.3
   54   54 D H  E     +C   39   0A  71    -15,-3.1   -15,-2.5    -2,-0.5     2,-0.3  -0.912  14.1 144.0-114.2 141.2   20.0   21.3   13.9
   55   55 D S        -     0   0   31     -2,-0.4   -19,-0.0   -17,-0.2    -2,-0.0  -0.970  59.6 -98.9-158.0 174.8   18.8   18.4   16.1
   56   56 D T  S    S+     0   0  142     -2,-0.3     3,-0.1     1,-0.1   -20,-0.0   0.614 120.1  42.2 -68.6 -17.4   19.8   16.0   18.8
   57   57 D F  S    S-     0   0   77      1,-0.4     2,-0.3   -25,-0.1    -1,-0.1   0.871 125.6  -8.7 -98.0 -58.9   20.4   13.4   16.1
   58   58 D K        -     0   0   77      2,-0.0    -1,-0.4     0, 0.0     2,-0.4  -0.982  55.0-153.7-141.2 154.9   22.1   15.0   13.1
   59   59 D N        -     0   0  103     -2,-0.3     2,-0.3    -5,-0.2    -5,-0.2  -0.987  12.3-175.6-128.9 141.6   23.0   18.5   12.0
   60   60 D T  E     -D   53   0A  48     -7,-2.4    -7,-2.6    -2,-0.4     2,-0.3  -0.947   5.5-172.8-132.6 157.3   23.5   19.8    8.4
   61   61 D E  E     +D   52   0A 122     -2,-0.3     2,-0.3    -9,-0.2    -9,-0.2  -0.956   6.0 174.9-148.5 133.2   24.5   23.1    7.0
   62   62 D I  E     -D   51   0A  27    -11,-1.9   -11,-2.8    -2,-0.3     2,-0.4  -0.983  11.3-163.1-133.5 146.4   24.6   24.3    3.3
   63   63 D S  E     +D   50   0A  61     -2,-0.3     2,-0.3   -13,-0.2   -13,-0.2  -0.982  24.9 151.4-124.8 144.1   25.4   27.6    1.8
   64   64 D F  E     -D   49   0A  13    -15,-2.2   -15,-2.9    -2,-0.4     2,-0.4  -0.970  41.7-117.7-161.7 162.3   24.4   28.5   -1.8
   65   65 D K    >   -     0   0  100      3,-0.3     3,-1.6    -2,-0.3    19,-0.4  -0.915  47.5 -99.5-102.8 143.4   23.4   31.2   -4.3
   66   66 D L  T 3  S+     0   0   60    -19,-0.5    19,-0.2    -2,-0.4     3,-0.1  -0.362 105.5  12.9 -59.9 136.6   19.9   31.0   -5.8
   67   67 D A  T 3  S+     0   0   66     17,-3.0     2,-0.5     1,-0.2    -1,-0.3   0.507 101.0 108.3  78.6  11.1   19.9   29.5   -9.3
   68   68 D V    <   -     0   0   80     -3,-1.6    -3,-0.3    16,-0.3    16,-0.3  -0.975  69.7-121.2-125.7 123.7   23.5   28.1   -9.1
   69   69 D E        +     0   0  123     -2,-0.5     2,-0.3    14,-0.1    14,-0.2  -0.284  34.3 179.2 -61.8 145.3   24.1   24.4   -8.8
   70   70 D F  E     -E   82   0A  31     12,-2.3    12,-3.0    -6,-0.0     2,-0.3  -0.982  31.0-110.3-143.6 155.2   26.1   23.1   -5.8
   71   71 D D  E     -E   81   0A 119     -2,-0.3     2,-0.4    10,-0.2    10,-0.2  -0.650  39.5-177.2 -83.5 136.4   27.2   19.7   -4.5
   72   72 D E  E     -E   80   0A  26      8,-2.3     8,-2.7    -2,-0.3     2,-0.5  -0.998  24.6-152.6-137.2 140.7   25.5   18.6   -1.3
   73   73 D T  E     -E   79   0A  98     -2,-0.4     6,-0.2     6,-0.2    -2,-0.0  -0.977  30.1-144.7-111.6 116.4   25.8   15.7    1.1
   74   74 D T    >   -     0   0   10      4,-2.4     3,-2.4    -2,-0.5    -2,-0.0  -0.250  26.3 -98.6 -80.7 171.9   22.4   15.1    2.7
   75   75 D A  T 3  S+     0   0   49      1,-0.3    -1,-0.1     2,-0.1   -16,-0.1   0.753 125.7  51.4 -60.5 -29.0   21.6   13.9    6.2
   76   76 D D  T 3  S-     0   0   48      2,-0.1    -1,-0.3   -51,-0.0    -2,-0.1   0.148 123.2-105.7 -92.8  15.3   21.1   10.4    4.9
   77   77 D D    <   +     0   0  110     -3,-2.4     2,-0.3     1,-0.2    -2,-0.1   0.701  67.4 148.2  66.1  35.5   24.4   10.5    3.2
   78   78 D R        -     0   0   22     19,-0.0    -4,-2.4     1,-0.0     2,-0.7  -0.742  43.0-138.8 -85.3 143.5   23.4   10.9   -0.5
   79   79 D K  E     +E   73   0A 117     -2,-0.3     2,-0.3    -6,-0.2    -6,-0.2  -0.912  38.9 169.6 -99.7 109.5   25.8   12.8   -2.7
   80   80 D V  E     -E   72   0A   4     -8,-2.7    -8,-2.3    -2,-0.7     2,-0.5  -0.775  41.5-123.6-124.8 161.1   23.6   15.0   -4.8
   81   81 D K  E     -EF  71  96A  99     15,-2.5    15,-2.6    -2,-0.3     2,-0.3  -0.948  42.5-170.5-100.3 122.3   23.6   17.9   -7.3
   82   82 D S  E     -EF  70  95A   1    -12,-3.0   -12,-2.3    -2,-0.5     2,-0.3  -0.884  21.3-178.5-122.2 153.0   21.3   20.6   -5.9
   83   83 D I  E     - F   0  94A  53     11,-1.9    11,-2.9    -2,-0.3     2,-0.4  -0.984   9.4-160.4-145.2 140.2   19.8   23.9   -7.0
   84   84 D V  E     + F   0  93A   3    -19,-0.4   -17,-3.0    -2,-0.3     2,-0.3  -0.970  19.0 166.6-122.2 131.5   17.5   26.3   -5.1
   85   85 D T  E     - F   0  92A  52      7,-2.2     7,-2.8    -2,-0.4     2,-0.5  -0.905  37.6-114.7-136.3 164.5   15.3   28.8   -6.8
   86   86 D L  E     + F   0  91A  87     -2,-0.3     2,-0.4     5,-0.2     5,-0.2  -0.932  38.3 171.2 -99.1 122.3   12.4   31.1   -6.0
   87   87 D D  E >   - F   0  90A  94      3,-2.4     3,-2.0    -2,-0.5    -2,-0.0  -0.946  69.8 -17.4-142.3 112.5    9.3   30.1   -7.9
   88   88 D A  T 3  S-     0   0   77     -2,-0.4     3,-0.1     1,-0.3    -2,-0.0   0.783 126.9 -55.3  60.7  29.9    5.9   31.7   -7.2
   89   89 D A  T 3  S+     0   0   75      1,-0.3     2,-0.3    18,-0.1    -1,-0.3   0.360 115.3 117.6  81.3   0.9    7.2   32.9   -3.8
   90   90 D K  E <   -F   87   0A  67     -3,-2.0    -3,-2.4    17,-0.1     2,-0.7  -0.705  66.9-128.5 -96.1 145.4    8.2   29.4   -2.8
   91   91 D L  E     -FG  86 106A   4     15,-2.3    15,-2.9    -2,-0.3     2,-0.6  -0.873  30.1-164.6 -93.5 113.6   11.8   28.3   -2.1
   92   92 D V  E     -FG  85 105A  26     -7,-2.8    -7,-2.2    -2,-0.7     2,-0.6  -0.939   8.6-169.4-110.9 118.6   12.3   25.2   -4.3
   93   93 D H  E     -FG  84 104A   8     11,-2.6    11,-2.5    -2,-0.6     2,-0.5  -0.937   5.8-168.1-109.4 113.2   15.2   22.9   -3.6
   94   94 D L  E     -FG  83 103A  36    -11,-2.9   -11,-1.9    -2,-0.6     2,-0.4  -0.939   1.1-167.8-104.5 127.3   15.8   20.2   -6.2
   95   95 D Q  E     -FG  82 102A   6      7,-2.7     7,-2.1    -2,-0.5     2,-0.4  -0.971   4.1-171.2-112.4 132.4   18.3   17.4   -5.6
   96   96 D K  E     +FG  81 101A  86    -15,-2.6   -15,-2.5    -2,-0.4     2,-0.3  -0.984  15.7 150.0-125.0 137.0   19.5   15.1   -8.4
   97   97 D W  E >   - G   0 100A  22      3,-1.9     3,-2.9    -2,-0.4   -17,-0.1  -0.937  67.1  -4.3-159.9 137.0   21.5   11.8   -8.0
   98   98 D D  T 3  S-     0   0  128      1,-0.3     3,-0.1    -2,-0.3   -18,-0.0   0.800 127.2 -55.5  52.2  37.0   21.7    8.6  -10.0
   99   99 D A  T 3  S+     0   0  109      1,-0.3    -1,-0.3     0, 0.0     2,-0.2   0.450 117.4 109.8  75.5   0.5   19.0    9.7  -12.4
  100  100 D Q  E <   -G   97   0A  81     -3,-2.9    -3,-1.9    19,-0.0     2,-0.3  -0.629  48.7-161.6-101.4 168.6   16.6   10.2   -9.5
  101  101 D E  E     -G   96   0A 103     -5,-0.2    19,-0.4    -2,-0.2     2,-0.3  -0.988   9.4-173.5-146.4 150.0   15.2   13.5   -8.1
  102  102 D T  E     -G   95   0A   2     -7,-2.1    -7,-2.7    -2,-0.3     2,-0.4  -0.985  14.1-145.3-141.2 149.0   13.6   14.8   -5.0
  103  103 D T  E     -GH  94 118A  40     15,-1.6    15,-2.1    -2,-0.3     2,-0.5  -0.903   8.5-168.1-116.2 137.2   12.1   18.2   -4.2
  104  104 D L  E     -GH  93 117A  23    -11,-2.5   -11,-2.6    -2,-0.4     2,-0.5  -0.976  18.8-174.0-120.9 106.9   12.0   20.1   -0.9
  105  105 D V  E     -GH  92 116A  25     11,-2.8    11,-2.9    -2,-0.5     2,-0.5  -0.920   7.5-164.5-112.3 129.1    9.6   23.0   -1.3
  106  106 D R  E     +GH  91 115A  19    -15,-2.9   -15,-2.3    -2,-0.5     2,-0.3  -0.933  13.1 169.5-114.1 129.2    9.1   25.7    1.3
  107  107 D E  E     - H   0 114A  62      7,-2.3     7,-3.3    -2,-0.5     2,-0.6  -0.984  29.8-130.4-134.1 150.4    6.2   28.1    1.4
  108  108 D L  E     + H   0 113A  55     -2,-0.3     2,-0.4   -19,-0.3     5,-0.2  -0.892  29.9 170.9-103.3 126.8    4.9   30.5    4.0
  109  109 D I  E >  S- H   0 112A  83      3,-2.1     3,-2.0    -2,-0.6    -2,-0.1  -0.992  71.9 -15.5-135.2 115.7    1.2   30.2    4.7
  110  110 D D  T 3  S-     0   0  147     -2,-0.4     3,-0.1     1,-0.3    -1,-0.1   0.819 127.0 -54.7  58.9  33.8   -0.4   32.1    7.6
  111  111 D A  T 3  S+     0   0   82      1,-0.3    19,-0.4    18,-0.0     2,-0.3   0.346 115.9 110.1  83.0  -2.2    3.0   32.9    9.1
  112  112 D K  E <   -H  109   0A  78     -3,-2.0    -3,-2.1    17,-0.1     2,-0.6  -0.738  68.3-126.2-102.7 153.6    4.1   29.2    9.2
  113  113 D L  E     -HI 108 128A   4     15,-2.5    15,-2.9    -2,-0.3     2,-0.6  -0.882  23.4-161.2-101.7 117.9    6.7   27.6    7.1
  114  114 D I  E     -HI 107 127A  25     -7,-3.3    -7,-2.3    -2,-0.6     2,-0.6  -0.915   2.4-164.5-105.0 120.2    5.4   24.6    5.2
  115  115 D L  E     -HI 106 126A   8     11,-3.1    11,-3.1    -2,-0.6     2,-0.5  -0.935   3.1-168.3-106.6 118.3    8.0   22.1    3.9
  116  116 D T  E     -HI 105 125A  30    -11,-2.9   -11,-2.8    -2,-0.6     2,-0.4  -0.959   1.4-166.1-111.8 125.3    6.8   19.6    1.4
  117  117 D L  E     -HI 104 124A   7      7,-2.5     7,-2.6    -2,-0.5     2,-0.4  -0.950   7.2-176.6-113.6 125.5    9.1   16.7    0.5
  118  118 D T  E     +HI 103 123A  47    -15,-2.1   -15,-1.6    -2,-0.4     2,-0.3  -0.992  13.9 155.0-127.8 129.9    8.4   14.6   -2.6
  119  119 D H  E >  S- I   0 122A  14      3,-2.0     3,-2.0    -2,-0.4     2,-0.1  -0.924  71.1 -33.1-148.4 133.0   10.2   11.5   -3.9
  120  120 D A  T 3  S-     0   0   72    -19,-0.4  -101,-0.0    -2,-0.3   -97,-0.0  -0.443 125.8 -30.2  56.8-123.7    8.6    8.8   -6.1
  121  121 D T  T 3  S+     0   0  141     -2,-0.1     2,-0.4    -3,-0.1    -1,-0.3   0.510 114.3 108.7-100.1   0.2    5.0    8.7   -4.9
  122  122 D A  E <   - I   0 119A  12     -3,-2.0    -3,-2.0  -104,-0.1     2,-0.4  -0.584  43.9-177.3 -84.6 134.0    5.8    9.7   -1.3
  123  123 D V  E     - I   0 118A  68     -2,-0.4     2,-0.4    -5,-0.2    -5,-0.2  -0.990   1.0-175.3-133.4 121.9    4.7   13.1   -0.2
  124  124 D C  E     - I   0 117A   0     -7,-2.6    -7,-2.5    -2,-0.4     2,-0.5  -0.931   9.1-157.5-116.9 141.1    5.5   14.4    3.3
  125  125 D T  E     -BI  14 116A  45   -111,-1.8  -111,-2.3    -2,-0.4     2,-0.4  -0.980   9.4-175.3-122.5 125.0    4.4   17.7    4.8
  126  126 D R  E     -BI  13 115A  16    -11,-3.1   -11,-3.1    -2,-0.5     2,-0.5  -0.971  11.0-151.5-120.4 133.7    6.3   19.3    7.7
  127  127 D T  E     -BI  12 114A  22   -115,-2.7  -116,-3.1    -2,-0.4  -115,-1.4  -0.915  11.1-171.1-111.2 128.8    5.2   22.4    9.5
  128  128 D Y  E     -BI  10 113A   7    -15,-2.9   -15,-2.5    -2,-0.5     2,-0.4  -0.921   7.7-153.3-114.7 143.0    7.6   24.9   11.2
  129  129 D E  E     -B    9   0A  82   -120,-2.8  -120,-2.7    -2,-0.4     2,-0.2  -0.896  28.5-103.1-117.3 149.1    6.8   27.8   13.4
  130  130 D K  E      B    8   0A 113    -19,-0.4  -122,-0.3    -2,-0.4  -124,-0.0  -0.462 360.0 360.0 -76.4 132.9    8.9   30.9   13.9
  131  131 D E              0   0  155   -124,-3.2  -124,-0.7    -2,-0.2    -1,-0.0  -0.912 360.0 360.0 -97.5 360.0   11.0   31.3   17.0
