 #  RESIDUE AA STRUCTURE BP1 BP2  ACC     N-H-->O    O-->H-N    N-H-->O    O-->H-N    TCO  KAPPA ALPHA  PHI   PSI    X-CA   Y-CA   Z-CA 
    1    1 L H    >>        0   0   39      0, 0.0     4,-2.0     0, 0.0     3,-1.7   0.000 360.0 360.0 360.0 145.2   -3.8    3.2    9.6
    2    2 L L  H 3>  +     0   0   27     58,-2.2     4,-2.6     1,-0.3     5,-0.1   0.780 360.0  53.2 -40.7 -42.4   -5.4    0.8    7.1
    3    3 L L  H 3> S+     0   0   94      2,-0.2     4,-1.7    57,-0.2    -1,-0.3   0.742 107.5  50.7 -74.2 -23.2   -8.3    3.1    6.4
    4    4 L Q  H <> S+     0   0   18     -3,-1.7     4,-2.5     2,-0.2    -2,-0.2   0.921 110.8  50.0 -76.3 -41.9   -6.0    6.1    5.6
    5    5 L F  H  X S+     0   0   24     -4,-2.0     4,-2.0     1,-0.2    -2,-0.2   0.949 110.7  49.6 -58.3 -49.3   -4.2    3.7    3.2
    6    6 L R  H  X S+     0   0   88     -4,-2.6     4,-2.4     2,-0.2    -1,-0.2   0.907 107.4  54.5 -58.5 -38.8   -7.5    2.8    1.7
    7    7 L K  H  X S+     0   0  104     -4,-1.7     4,-2.5     1,-0.2    -2,-0.2   0.970 108.9  48.4 -58.8 -49.6   -8.5    6.5    1.3
    8    8 L M  H  X S+     0   0    0     -4,-2.5     4,-2.5     1,-0.2    -1,-0.2   0.832 110.4  50.5 -61.3 -36.8   -5.3    7.1   -0.7
    9    9 L I  H  X S+     0   0    6     -4,-2.0     4,-2.9     2,-0.2     5,-0.5   0.968 111.5  48.2 -69.6 -45.9   -5.8    4.1   -3.0
   10   10 L K  H  X S+     0   0   92     -4,-2.4     4,-2.3     1,-0.2    -2,-0.2   0.922 115.6  44.6 -57.5 -45.7   -9.4    5.2   -3.8
   11   11 L K  H  < S+     0   0  151     -4,-2.5    -1,-0.2    -5,-0.2    -2,-0.2   0.922 118.3  42.8 -64.1 -47.8   -8.3    8.8   -4.5
   12   12 L M  H  < S+     0   0   34     -4,-2.5    -2,-0.2    -5,-0.2    -1,-0.2   0.839 130.3  22.0 -70.1 -37.0   -5.2    7.7   -6.6
   13   13 L T  H  < S-     0   0    8     -4,-2.9    -3,-0.2     2,-0.2    -2,-0.2   0.645  86.2-132.2-108.5 -18.3   -6.9    5.0   -8.6
   14   14 L A  S  < S+     0   0   75     -4,-2.3     2,-0.3    -5,-0.5    -4,-0.2   0.309  72.0 121.0  80.7 -13.6  -10.6    5.6   -8.6
   15   16 L K  S    S-     0   0   53     -6,-0.4    -1,-0.3     1,-0.1    -2,-0.2  -0.641  76.8-113.0 -85.1 139.0  -10.9    2.0   -7.7
   16   17 L E     >  -     0   0   92     -2,-0.3     4,-1.6     1,-0.1     5,-0.3  -0.651  33.8-137.2 -67.0 121.3  -12.6    0.9   -4.4
   17   18 L P  H  >>S+     0   0   15      0, 0.0     4,-2.0     0, 0.0     5,-1.2   0.719  86.1  58.4 -63.8 -29.7   -9.6   -0.5   -2.6
   18   19 L V  H  >5S+     0   0   46      3,-0.2     4,-1.4     2,-0.2     5,-0.4   0.987 112.9  30.0 -75.3 -55.5  -11.0   -3.6   -1.0
   19   20 L V  H  45S+     0   0   88      1,-0.2     4,-0.2    -3,-0.2    -1,-0.2   0.902 126.9  45.8 -73.0 -32.6  -12.3   -5.7   -3.9
   20   21 L S  H  <5S+     0   0   14     -4,-1.6    -1,-0.2     1,-0.1    -2,-0.2   0.754 133.0   6.3 -77.7 -28.6   -9.7   -4.3   -6.3
   21   22 L Y  H ><5S+     0   0    6     -4,-2.0     3,-1.1    -5,-0.3    -3,-0.2   0.683 102.8  81.8-130.5 -22.6   -6.6   -4.6   -4.2
   22   23 L A  T 3<<S+     0   0   29     -4,-1.4     8,-0.2    -5,-1.2    -3,-0.1   0.702 111.4  25.8 -68.8 -17.2   -7.0   -6.3   -0.8
   23   24 L F  T 3  S+     0   0  121     -5,-0.4    87,-0.8    85,-0.4    -1,-0.3   0.273  89.5 136.6-126.5  17.0   -6.7   -9.8   -2.4
   24   25 L Y    <>  -     0   0    0     -3,-1.1     4,-1.9    85,-0.2     3,-0.5  -0.339  64.6 -37.9 -74.5 132.5   -4.7   -9.1   -5.5
   25   26 L A  T  4 S-     0   0    9     82,-2.8     4,-0.2     1,-0.2    90,-0.1  -0.138  99.3 -45.5  66.8-155.0   -1.9  -11.4   -6.6
   26   27 L C  T  4 S+     0   0   10      9,-0.1     7,-0.8     1,-0.1    -1,-0.2   0.537 133.9  31.5 -91.2 -12.9    0.5  -13.1   -4.2
   27   28 L Y  T  4 S+     0   0   11     -3,-0.5    -2,-0.2     5,-0.2    -1,-0.1   0.654  92.4  81.1-122.5 -13.9    1.3  -10.1   -2.0
   28   29 L C  S  < S+     0   0   22     -4,-1.9    -3,-0.1    -5,-0.1     3,-0.1   0.845  87.3  61.7 -78.4 -15.9   -1.7   -7.7   -1.7
   29   30 L A  S    S-     0   0   39     -5,-0.4    -6,-0.1    -4,-0.2     2,-0.1  -0.032 112.9 -55.8 -89.3-167.7   -3.5   -9.7    0.9
   30   31 L S  S    S-     0   0   94     -8,-0.2    -1,-0.2     2,-0.0     2,-0.2  -0.398 115.3  -1.6 -65.4 131.0   -2.3  -10.5    4.5
   31   32 L A  S    S-     0   0   80     -3,-0.1     2,-0.2    -2,-0.1    17,-0.0  -0.523  75.5-149.5  85.1-155.5    1.0  -12.3    4.1
   32   33 L A        +     0   0   33     -2,-0.2     2,-0.3    -4,-0.1    -5,-0.2  -0.457  14.8 178.4 146.5 138.4    2.5  -13.0    0.8
   33   34 L R        +     0   0   31     -7,-0.8    83,-0.2    -2,-0.2     2,-0.1  -0.958  44.3  26.9-152.3 165.4    4.8  -15.6   -0.7
   34   35 L A  S    S-     0   0    1     83,-0.8    86,-2.0    -2,-0.3    81,-0.1  -0.427  98.7 -31.8  86.2-157.5    6.3  -16.5   -4.0
   35   36 L K  S    S-     0   0  144     84,-0.2    81,-0.2    -2,-0.1    -9,-0.1  -0.870  70.0-101.0-100.5 132.9    7.2  -14.2   -6.8
   36   37 L P        -     0   0    8      0, 0.0     6,-0.1     0, 0.0   -11,-0.1  -0.366  29.4-140.2 -45.4 126.1    5.1  -11.0   -7.5
   37   38 L K        -     0   0   75      1,-0.1     2,-0.3    70,-0.1   -12,-0.1   0.645  69.6 -24.3 -68.4 -25.9    2.7  -11.9  -10.4
   38   39 L D  S  > S-     0   0   19      1,-0.1     4,-2.1    65,-0.0     5,-0.2  -0.943  86.0 -67.5-167.3-171.5    2.9   -8.4  -12.2
   39   40 L A  H  > S+     0   0   33     -2,-0.3     4,-1.5     2,-0.2     5,-0.1   0.852 125.8  53.3 -66.1 -37.6    3.7   -4.8  -11.4
   40   41 L T  H  > S+     0   0    0     59,-0.3     4,-1.8     1,-0.2     3,-0.2   0.938 112.7  45.8 -60.6 -45.5    0.6   -4.1   -9.2
   41   42 L D  H  > S+     0   0    0      1,-0.3     4,-2.1     2,-0.2    -1,-0.2   0.879 108.2  56.4 -64.4 -37.7    1.5   -7.1   -7.1
   42   43 L R  H  X S+     0   0  101     -4,-2.1     4,-2.3     2,-0.2    -1,-0.3   0.826 102.2  56.6 -66.6 -27.9    5.1   -5.9   -7.0
   43   44 L C  H  X S+     0   0    3     -4,-1.5     4,-2.1    -3,-0.2    -1,-0.2   0.926 108.1  47.3 -65.4 -45.3    3.8   -2.6   -5.6
   44   45 L C  H  X S+     0   0    6     -4,-1.8     4,-2.3     2,-0.2    -2,-0.2   0.863 108.3  55.6 -62.1 -36.4    2.2   -4.7   -2.8
   45   46 L F  H  X S+     0   0   15     -4,-2.1     4,-2.5     2,-0.2     5,-0.2   0.944 109.0  45.9 -61.9 -48.7    5.6   -6.6   -2.4
   46   47 L V  H  X S+     0   0   86     -4,-2.3     4,-2.7     1,-0.2    -2,-0.2   0.914 111.8  53.8 -60.6 -37.2    7.5   -3.3   -1.8
   47   48 L H  H  X S+     0   0   17     -4,-2.1     4,-2.0     2,-0.2    -1,-0.2   0.909 107.9  48.4 -66.3 -43.6    4.7   -2.2    0.6
   48   49 L D  H  X S+     0   0   47     -4,-2.3     4,-1.8     2,-0.2    -2,-0.2   0.937 113.8  47.0 -57.7 -47.6    5.0   -5.4    2.6
   49   50 L C  H  X S+     0   0    7     -4,-2.5     4,-1.0     1,-0.2    -2,-0.2   0.911 108.7  55.9 -63.0 -34.4    8.8   -5.0    2.8
   50   51 L C  H  < S+     0   0   33     -4,-2.7     3,-0.5     1,-0.2     4,-0.2   0.912 109.1  47.3 -65.0 -38.6    8.3   -1.3    3.7
   51   52 L Y  H >< S+     0   0   35     -4,-2.0     3,-1.2     1,-0.2    -1,-0.2   0.819 103.4  60.4 -71.4 -34.0    6.2   -2.4    6.7
   52   53 L E  H 3< S+     0   0  161     -4,-1.8    -1,-0.2     1,-0.2    -2,-0.2   0.775 100.9  57.6 -63.2 -27.0    8.6   -5.0    7.9
   53   54 L K  T 3< S+     0   0  134     -4,-1.0     2,-0.6    -3,-0.5    -1,-0.2   0.524  81.3 105.0 -79.4 -12.4   11.2   -2.2    8.4
   54   55 L V    <   +     0   0   17     -3,-1.2     2,-0.4    -4,-0.2    27,-0.0  -0.627  43.8 175.3 -81.5 117.2    9.1   -0.2   10.7
   55   56 L T        +     0   0  120     -2,-0.6     3,-0.1     1,-0.1    -2,-0.0  -0.971  59.9  36.5-114.3 135.2   10.2   -0.4   14.4
   56   59 L A  S    S+     0   0   94     -2,-0.4     2,-0.3     1,-0.1    -1,-0.1   0.124 110.6  34.1 119.3 -24.5    8.4    1.7   17.0
   57   61 L C  S    S-     0   0   26     24,-0.1    -1,-0.1     5,-0.0    -3,-0.0  -0.960  87.0 -92.1-156.5 163.3    4.8    1.8   16.0
   58   67 L D     >  -     0   0   74     -2,-0.3     4,-2.2     1,-0.2    -3,-0.1  -0.774  29.0-160.6 -82.9 110.0    2.2   -0.4   14.4
   59   68 L P  T  4 S+     0   0   22      0, 0.0    -1,-0.2     0, 0.0    -7,-0.0   0.869  88.3  40.1 -56.1 -41.9    2.1    0.2   10.5
   60   69 L K  T  4 S+     0   0   72      1,-0.1   -58,-2.2   -59,-0.1   -57,-0.2   0.847 125.5  31.1 -81.4 -29.9   -1.4   -1.3   10.0
   61   70 L W  T  4 S+     0   0  142    -60,-0.2     2,-0.2   -59,-0.1    -1,-0.1   0.587  96.4  84.7-118.2   0.6   -3.2    0.0   13.0
   62   71 L D  S  < S-     0   0   58     -4,-2.2     2,-0.3    20,-0.0    -5,-0.0  -0.665  70.2-125.5 -96.6 151.7   -1.7    3.5   14.0
   63   72 L D        -     0   0   95     -2,-0.2     2,-0.2   -62,-0.1    19,-0.1  -0.705  23.5-167.7 -90.3 151.8   -2.8    6.8   12.5
   64   73 L Y        -     0   0   14     -2,-0.3     2,-0.5   -63,-0.1    13,-0.1  -0.731  26.9-104.7-124.6 175.6   -0.5    9.3   10.9
   65   74 L T        +     0   0   74     11,-0.5    11,-3.0    -2,-0.2     2,-0.3  -0.909  49.1 152.2-102.3 122.3   -0.8   12.9    9.7
   66   75 L Y  E     -A   75   0A  45     -2,-0.5     2,-0.3     9,-0.3     9,-0.2  -0.969  16.8-174.9-138.3 161.5   -1.1   13.4    5.9
   67   76 L S  E     -A   74   0A  65      7,-2.1     7,-3.1    -2,-0.3     2,-0.7  -0.959  29.8-110.3-146.0 165.8   -2.8   16.1    3.8
   68   77 L W  E     -A   73   0A 100     -2,-0.3     2,-0.5     5,-0.2     5,-0.2  -0.870  33.2-176.0-100.7 112.4   -3.3   16.7    0.1
   69   78 L K  E >   -A   72   0A 128      3,-2.1     3,-2.3    -2,-0.7    -2,-0.0  -0.926  66.4 -30.0-115.9 121.8   -1.3   19.6   -1.4
   70   79 L N  T 3  S-     0   0  154     -2,-0.5    -1,-0.2     1,-0.3     3,-0.1   0.690 127.9 -40.3  47.6  34.9   -1.7   20.6   -5.1
   71   80 L A  T 3  S+     0   0   86      1,-0.4    -1,-0.3    -3,-0.0     2,-0.3   0.329 121.7  93.9 103.1  -9.1   -2.7   17.1   -6.2
   72   81 L T  E <  S-A   69   0A  73     -3,-2.3    -3,-2.1     2,-0.0     2,-0.5  -0.779  74.5-113.6-118.4 159.6   -0.1   15.1   -4.1
   73   82 L I  E     -A   68   0A   3     -2,-0.3     2,-0.5    -5,-0.2    -5,-0.2  -0.813  27.9-163.0 -89.3 130.2   -0.2   13.4   -0.7
   74   83 L V  E     -A   67   0A  44     -7,-3.1    -7,-2.1    -2,-0.5     2,-0.4  -0.970   7.0-150.0-117.9 116.0    2.1   15.0    1.9
   75   84 L C  E     +A   66   0A  10     -2,-0.5    -9,-0.3    -9,-0.2     2,-0.1  -0.743  33.9 149.7 -81.4 132.3    3.0   12.9    5.0
   76   85 L A        +     0   0   37    -11,-3.0   -11,-0.5    -2,-0.4     3,-0.2  -0.338  10.6 108.3-131.1-139.9    3.6   15.1    8.1
   77   86 L A        -     0   0   37      1,-0.1   -13,-0.0    -2,-0.1    -2,-0.0  -0.005  69.4 -96.5  75.8 174.4    3.4   15.2   11.8
   78   88 L D  S    S+     0   0  167      5,-0.0    -1,-0.1     4,-0.0     3,-0.1   0.361  93.3  96.3-108.2   4.0    6.4   15.1   14.2
   79   89 L D     >  -     0   0   67     -3,-0.2     4,-2.0     1,-0.2     5,-0.2  -0.861  60.0-159.4 -89.2 111.9    6.5   11.4   15.0
   80   90 L P  H  > S+     0   0  107      0, 0.0     4,-1.7     0, 0.0    -1,-0.2   0.802  87.4  56.0 -64.7 -26.7    9.1    9.9   12.6
   81   91 L C  H  > S+     0   0    8      2,-0.2     4,-1.8     1,-0.2     5,-0.1   0.967 110.0  44.0 -70.7 -45.6    7.7    6.3   13.0
   82   92 L K  H  > S+     0   0   64      1,-0.2     4,-2.5     2,-0.2    -1,-0.2   0.914 112.2  51.5 -65.5 -39.6    4.3    7.3   11.9
   83   93 L K  H  X S+     0   0   72     -4,-2.0     4,-2.3     1,-0.2    -1,-0.2   0.887 106.0  56.6 -65.9 -34.8    5.5    9.4    9.0
   84   94 L E  H  X S+     0   0   81     -4,-1.7     4,-1.5     2,-0.2    -1,-0.2   0.920 107.6  48.4 -58.5 -42.5    7.6    6.4    7.9
   85   95 L V  H >X S+     0   0    4     -4,-1.8     4,-1.9     2,-0.2     3,-0.6   0.950 109.2  52.8 -61.9 -48.2    4.3    4.4    7.7
   86   96 L C  H 3X S+     0   0    0     -4,-2.5     4,-2.8     1,-0.3     5,-0.2   0.900 105.5  54.5 -55.6 -42.8    2.6    7.1    5.8
   87   97 L E  H 3X S+     0   0   70     -4,-2.3     4,-2.3     1,-0.2    -1,-0.3   0.861 105.8  52.7 -62.9 -33.6    5.5    7.1    3.2
   88   98 L C  H <X S+     0   0    2     -4,-1.5     4,-2.1    -3,-0.6    -1,-0.2   0.924 113.3  44.0 -62.0 -47.2    5.0    3.4    2.7
   89   99 L D  H  X S+     0   0    0     -4,-1.9     4,-2.4     2,-0.2    -2,-0.2   0.923 113.2  48.7 -65.8 -47.1    1.3    3.9    2.0
   90  100 L K  H  X S+     0   0   39     -4,-2.8     4,-2.4     2,-0.2     5,-0.2   0.958 111.6  51.1 -57.8 -51.6    1.7    7.0   -0.2
   91  101 L A  H  X S+     0   0   55     -4,-2.3     4,-2.4    -5,-0.2    -2,-0.2   0.890 112.0  46.9 -57.6 -41.2    4.4    5.1   -2.3
   92  102 L A  H  X S+     0   0    5     -4,-2.1     4,-2.4     2,-0.2    -1,-0.2   0.889 110.2  50.8 -67.3 -43.0    2.2    2.1   -2.8
   93  103 L A  H  X S+     0   0    0     -4,-2.4     4,-1.5     2,-0.2    -1,-0.2   0.902 112.6  46.7 -66.6 -36.7   -0.9    4.1   -3.8
   94  104 L I  H >X S+     0   0   43     -4,-2.4     4,-2.6     2,-0.2     3,-0.5   0.976 111.4  52.4 -67.0 -48.0    1.1    6.1   -6.4
   95  105 L C  H 3X S+     0   0   36     -4,-2.4     4,-0.9     1,-0.3    -2,-0.2   0.885 106.8  53.3 -52.7 -40.6    2.7    2.7   -7.7
   96  106 L F  H 3< S+     0   0    4     -4,-2.4     3,-0.3     2,-0.2    -1,-0.3   0.903 109.0  49.1 -62.0 -38.6   -0.9    1.3   -8.1
   97  107 L R  H X< S+     0   0  104     -4,-1.5     3,-2.0    -3,-0.5     4,-0.3   0.984 109.2  51.6 -68.1 -50.0   -1.9    4.3  -10.2
   98  108 L D  H 3< S+     0   0   80     -4,-2.6     3,-0.2     1,-0.3    -1,-0.2   0.683 114.1  44.1 -60.8 -14.6    1.2    4.0  -12.4
   99  109 L N  T >< S+     0   0   34     -4,-0.9     3,-1.3    -3,-0.3     4,-0.4   0.278  76.2 107.9-119.8  18.6    0.5    0.3  -13.0
  100  110 L L  G X  S+     0   0   59     -3,-2.0     3,-0.7     1,-0.3    -1,-0.2   0.779  71.7  67.5 -61.3 -27.7   -3.2    0.6  -13.6
  101  111 L K  G 3  S+     0   0  180     -4,-0.3    -1,-0.3    -3,-0.2    -2,-0.1   0.816 106.3  37.5 -64.4 -30.7   -2.4   -0.1  -17.3
  102  112 L T  G <  S+     0   0   58     -3,-1.3     2,-0.5     2,-0.1    -1,-0.2   0.348  82.1 135.7-104.3   8.6   -1.4   -3.7  -16.6
  103  113 L Y    <   -     0   0   40     -3,-0.7     2,-0.6    -4,-0.4    -3,-0.1  -0.406  40.0-157.7 -60.8 112.9   -4.0   -4.4  -13.9
  104  114 L K    >   -     0   0   59     -2,-0.5     3,-2.4     1,-0.1     4,-0.3  -0.779  17.6-154.4-101.9 122.4   -5.5   -7.9  -14.6
  105  115 L K  G >  S+     0   0  145     -2,-0.6     3,-1.3     1,-0.3     4,-0.2   0.760  94.1  71.0 -58.0 -23.7   -8.9   -8.8  -13.2
  106  116 L R  G 3  S+     0   0  167      1,-0.2    -1,-0.3     2,-0.1     3,-0.2   0.706  99.3  48.6 -69.0 -16.8   -7.8  -12.5  -13.3
  107  117 L Y  G X  S+     0   0   24     -3,-2.4   -82,-2.8     1,-0.1     3,-1.3   0.455  81.5 101.7-100.7   2.6   -5.5  -11.6  -10.4
  108  118 L M  T <  S+     0   0   49     -3,-1.3   -85,-0.4     1,-0.3    -1,-0.1   0.681 101.1  13.5 -65.4 -27.0   -8.1   -9.8   -8.2
  109  119 L A  T 3  S-     0   0   80     -3,-0.2    -1,-0.3    -4,-0.2   -85,-0.2  -0.407  94.8-170.7-143.6  54.3   -8.8  -12.7   -5.8
  110  120 L Y    <   -     0   0   36     -3,-1.3     2,-0.4   -87,-0.8    -3,-0.1  -0.237  27.5-108.1 -59.2 129.6   -5.8  -14.8   -6.8
  111  121 L P    >   -     0   0   65      0, 0.0     3,-2.2     0, 0.0     4,-0.3  -0.412  18.7-144.6 -62.7 118.4   -5.6  -18.4   -5.4
  112  122 L D  G >  S+     0   0  127     -2,-0.4     3,-1.6     1,-0.3    -2,-0.1   0.780  95.6  68.3 -53.5 -29.3   -2.8  -18.5   -2.8
  113  124 L I  G 3  S+     0   0  160      1,-0.3    -1,-0.3     0, 0.0    -3,-0.0   0.804  91.5  62.0 -67.4 -20.0   -1.9  -22.1   -3.9
  114  125 L L  G <  S+     0   0   96     -3,-2.2     2,-0.4     2,-0.0    -1,-0.3   0.580  80.9  99.8 -83.2  -3.9   -0.6  -20.6   -7.2
  115  126 L C  S <  S-     0   0   19     -3,-1.6   -81,-0.2    -4,-0.3     4,-0.1  -0.640  79.2-116.2 -84.7 131.5    2.1  -18.6   -5.5
  116  127 L S        -     0   0   55     -2,-0.4    -1,-0.1   -81,-0.2    -2,-0.0  -0.039   9.7-128.1 -52.1 166.3    5.5  -20.2   -5.6
  117  128 L S  S    S+     0   0  100    -84,-0.1   -83,-0.8   -83,-0.1     2,-0.3   0.924  90.7  85.2 -78.3 -53.2    7.3  -21.3   -2.5
  118  129 L K  S    S-     0   0  173    -85,-0.1     2,-0.3     1,-0.1    -2,-0.1  -0.291  74.0-157.1 -59.7 104.4   10.5  -19.4   -3.4
  119  130 L S        -     0   0   53     -2,-0.3   -84,-0.2   -86,-0.1     2,-0.1  -0.664  16.5-115.0 -89.4 141.2    9.7  -16.1   -2.1
  120  131 L E        -     0   0   73    -86,-2.0     2,-0.2    -2,-0.3    -1,-0.1  -0.475  31.4-121.6 -70.8 148.2   11.5  -13.0   -3.4
  121  132 L K              0   0  177     -2,-0.1    -1,-0.1     1,-0.1   -72,-0.0  -0.659 360.0 360.0 -92.1 150.2   13.7  -11.3   -1.0
  122  133 L C              0   0  105     -2,-0.2    -1,-0.1   -73,-0.1   -73,-0.1   0.891 360.0 360.0 -72.8 360.0   13.2   -7.6   -0.1
