#  RESIDUE AA STRUCTURE BP1 BP2  ACC     N-H-->O    O-->H-N    N-H-->O    O-->H-N    TCO  KAPPA ALPHA  PHI   PSI    X-CA   Y-CA   Z-CA 
    1   63 F D              0   0  181      0, 0.0     2,-0.7     0, 0.0    26,-0.0   0.000 360.0 360.0 360.0  -5.3   -5.8  -15.2   -4.0
    2   64 F N        +     0   0   60     26,-0.3    26,-2.1     2,-0.0     2,-0.3  -0.825 360.0 172.5-113.6 117.2   -3.6  -13.1   -1.6
    3   65 F L  E     -A   27   0A  97     -2,-0.7     2,-0.3    24,-0.2    24,-0.2  -0.806  11.3-176.3-135.4 134.5   -5.1  -10.1   -0.0
    4   66 F V  E     -A   26   0A  29     22,-2.3    22,-1.8    -2,-0.3     2,-0.4  -0.843  17.4-136.8-129.0 162.1   -4.2   -7.5    2.6
    5   67 F I  E     -A   25   0A  90     -2,-0.3     2,-0.3    20,-0.2    20,-0.2  -0.985  27.3-114.9-122.8 138.3   -5.8   -4.6    4.4
    6   68 F A        -     0   0    3     18,-2.4    17,-2.2    -2,-0.4    48,-0.2  -0.560  21.5-171.9 -76.5 123.6   -4.1   -1.2    5.1
    7   69 F L  S    S+     0   0  103     46,-2.5     2,-0.3    -2,-0.3    -1,-0.1   0.778  73.0  25.4 -82.6 -28.5   -3.5   -0.4    8.7
    8   70 F H  S    S-     0   0  107     45,-0.9     2,-0.3    13,-0.1    15,-0.2  -0.893  83.4-105.5-133.3 157.6   -2.3    3.2    8.0
    9   71 F S        -     0   0   70     -2,-0.3     2,-0.4    12,-0.1    12,-0.2  -0.636  37.5-161.8 -76.6 137.5   -2.7    5.8    5.3
   10   72 F Y  B     -E   20   0B  29     10,-2.4    10,-2.3    -2,-0.3    -4,-0.0  -0.998  10.6-160.7-128.6 129.1    0.5    6.1    3.3
   11   73 F E        -     0   0  165     -2,-0.4     8,-0.1     8,-0.2     7,-0.1  -0.948  36.1-105.5-108.6 118.6    1.4    9.1    1.1
   12   74 F P        +     0   0   53      0, 0.0     3,-0.1     0, 0.0     7,-0.1   0.083  40.2 168.7 -44.6 144.3    4.0    8.2   -1.6
   13   75 F S        +     0   0   95      1,-0.2     2,-0.3     2,-0.0     6,-0.0   0.620  61.7  53.1-123.0 -37.6    7.6    9.4   -1.2
   14   76 F H  S >  S-     0   0  107      1,-0.1     3,-2.3     0, 0.0     2,-0.4  -0.745  91.8 -98.2 -99.2 153.3    9.5    7.5   -3.9
   15   77 F D  T 3  S+     0   0  167     -2,-0.3     3,-0.1     1,-0.3    -1,-0.1  -0.468 115.2  32.1 -61.7 117.6    8.9    7.1   -7.6
   16   78 F A  T 3  S+     0   0   52      1,-0.4    32,-2.1    -2,-0.4    -1,-0.3   0.285  89.5 132.3 111.7 -11.4    7.0    3.9   -8.0
   17   79 F D  B <   -b   48   0A  23     -3,-2.3     2,-0.5    30,-0.2    -1,-0.4  -0.477  50.2-139.3 -67.9 146.9    5.2    4.1   -4.7
   18   80 F L        -     0   0    6     30,-2.2     2,-0.2    -2,-0.2    29,-0.1  -0.906  14.9-145.7-103.0 126.0    1.5    3.4   -4.4
   19   81 F A        +     0   0   45     -2,-0.5     2,-0.3    -8,-0.1    -8,-0.2  -0.613  28.2 167.1 -84.2 156.1   -0.4    5.8   -2.0
   20   82 F F  B     -E   10   0B   8    -10,-2.3   -10,-2.4    -2,-0.2     2,-0.2  -0.992  27.4-109.2-163.1 169.4   -3.3    4.4   -0.1
   21   83 F E    >   -     0   0  126     -2,-0.3     3,-2.1   -12,-0.2     2,-0.4  -0.660  39.2 -91.0-109.0 157.1   -5.8    4.8    2.8
   22   84 F K  T 3  S+     0   0  142      1,-0.3   -15,-0.2    -2,-0.2   -13,-0.1  -0.454 117.3  20.9 -57.5 118.3   -6.5    3.3    6.2
   23   85 F A  T 3  S+     0   0   74    -17,-2.2    -1,-0.3    -2,-0.4     2,-0.2   0.503  91.8 146.0  97.8   2.8   -8.8    0.3    5.6
   24   86 F E    <   -     0   0   15     -3,-2.1   -18,-2.4   -16,-0.2     2,-0.6  -0.526  47.5-129.1 -76.7 136.7   -8.0   -0.0    1.9
   25   87 F Q  E     +A    5   0A  84    -20,-0.2    16,-3.0    -2,-0.2    17,-0.5  -0.832  31.4 177.9 -88.7 120.1   -7.9   -3.4    0.3
   26   88 F L  E     -AC   4  40A   0    -22,-1.8   -22,-2.3    -2,-0.6     2,-0.4  -0.851  19.1-142.0-118.5 152.4   -4.7   -4.1   -1.7
   27   89 F R  E     -AC   3  39A  76     12,-2.4    12,-2.0    -2,-0.3     2,-0.5  -0.968  19.3-125.0-121.1 133.2   -3.7   -7.3   -3.5
   28   90 F I  E     + C   0  38A   4    -26,-2.1   -26,-0.3    -2,-0.4    10,-0.3  -0.677  33.0 164.4 -84.7 123.9   -0.2   -8.6   -3.6
   29   91 F L  E    S+     0   0A  71      8,-3.0     2,-0.3    -2,-0.5     9,-0.2   0.749  72.2  15.9 -96.8 -37.8    1.7   -9.2   -6.8
   30   92 F E  E     - C   0  37A 100      7,-1.6     7,-3.1     2,-0.1     2,-0.4  -0.964  53.8-156.1-144.3 139.9    5.3   -9.5   -5.5
   31   93 F Q        +     0   0  120     -2,-0.3     2,-0.6     5,-0.2     5,-0.2  -0.323  24.8 162.6-112.9  60.0    7.0  -10.0   -2.1
   32   94 F S    >   -     0   0   87     -2,-0.4     3,-1.3     3,-0.4    -2,-0.1  -0.562  60.1 -88.2 -75.6 106.1   10.5   -8.5   -2.3
   33   95 F A  T 3  S+     0   0   79     -2,-0.6     3,-0.1     1,-0.2    -1,-0.1   0.271 106.3   2.8  33.9 -94.8   11.6   -8.1    1.3
   34   96 F E  T 3  S+     0   0  133      1,-0.2    17,-2.1    17,-0.1     2,-0.5   0.646 126.8  50.9-108.0 -15.7   10.5   -4.7    2.5
   35   97 F W  E <  S- D   0  50A  93     -3,-1.3    -3,-0.4    15,-0.2     2,-0.3  -0.988  72.3-163.1-126.6 111.1    8.6   -3.2   -0.4
   36   98 F W  E     - D   0  49A  46     13,-1.7    13,-2.7    -2,-0.5     2,-0.6  -0.716  20.7-119.7 -93.5 149.4    5.9   -5.4   -1.8
   37   99 F K  E     +CD  30  48A  46     -7,-3.1    -8,-3.0    -2,-0.3    -7,-1.6  -0.841  43.7 171.3 -85.9 124.0    4.3   -4.9   -5.1
   38  100 F A  E     -CD  28  47A   0      9,-3.3     9,-2.3    -2,-0.6     2,-0.4  -0.804  32.3-146.0-131.8 158.7    0.5   -4.3   -4.8
   39  101 F Q  E     -CD  27  46A  61    -12,-2.0   -12,-2.4    -2,-0.3     2,-0.3  -0.983  27.4-131.3-118.6 120.2   -2.6   -3.4   -6.7
   40  102 F S  E  >  -C   26   0A   0      5,-2.5     4,-1.3    -2,-0.4   -14,-0.3  -0.561   4.5-152.5 -63.1 138.5   -5.3   -1.4   -4.9
   41  103 F L  T  4 S+     0   0   88    -16,-3.0   -15,-0.1    -2,-0.3    -1,-0.1   0.653  93.1  58.0 -86.2 -11.7   -8.8   -2.7   -5.2
   42  104 F T  T  4 S+     0   0  102    -17,-0.5    -1,-0.2     3,-0.1   -16,-0.1   0.855 128.0   7.1 -82.4 -45.8  -10.2    0.8   -4.6
   43  105 F T  T  4 S-     0   0   77      2,-0.2    -2,-0.2     0, 0.0     3,-0.1   0.696  88.6-123.8-104.7 -31.3   -8.5    2.6   -7.5
   44  106 F A     <  +     0   0   58     -4,-1.3    -3,-0.1     1,-0.3     2,-0.1   0.421  60.8 146.8  89.3   0.9   -6.7   -0.1   -9.6
   45  107 F Q        -     0   0  123     -6,-0.1    -5,-2.5   -26,-0.1     2,-0.3  -0.436  35.5-148.6 -72.0 141.5   -3.4    1.8   -9.1
   46  108 F E  E     + D   0  39A 117     -7,-0.2     2,-0.3    -3,-0.1    -7,-0.2  -0.883  34.6 103.5-106.9 157.4   -0.3   -0.4   -8.9
   47  109 F A  E     - D   0  38A   9     -9,-2.3    -9,-3.3    -2,-0.3     2,-0.4  -0.984  62.8 -50.4 161.2-178.9    2.9    0.1   -7.0
   48  110 F F  E     -bD  17  37A  71    -32,-2.1   -30,-2.2    -2,-0.3   -11,-0.2  -0.695  45.5-168.3 -85.7 135.2    5.2   -0.6   -4.1
   49  111 F I  E     - D   0  36A   0    -13,-2.7   -13,-1.7    -2,-0.4     2,-0.6  -0.830  31.9-100.8-117.8 152.5    3.9   -0.5   -0.6
   50  112 F P  E >   - D   0  35A   9      0, 0.0     3,-2.1     0, 0.0   -15,-0.2  -0.727  33.2-137.0 -75.6 124.5    5.7   -0.5    2.8
   51  113 F F  G >  S+     0   0   91    -17,-2.1     3,-1.2    -2,-0.6   -16,-0.1   0.842  96.4  53.9 -56.0 -40.8    5.4   -4.0    4.1
   52  114 F N  G 3  S+     0   0  100      1,-0.3    -1,-0.3   -18,-0.2   -18,-0.0   0.353  92.7  74.0 -82.4   9.6    4.6   -3.2    7.8
   53  115 F F  G <         0   0   47     -3,-2.1   -46,-2.5   -46,-0.1   -45,-0.9   0.232 360.0 360.0 -99.2   4.5    1.6   -1.0    6.9
   54  116 F V    <         0   0   41     -3,-1.2   -48,-0.2   -48,-0.2   -50,-0.0  -0.965 360.0 360.0-138.1 360.0   -0.5   -4.0    5.9
