#  RESIDUE AA STRUCTURE BP1 BP2  ACC     N-H-->O    O-->H-N    N-H-->O    O-->H-N    TCO  KAPPA ALPHA  PHI   PSI    X-CA   Y-CA   Z-CA 
    1   16 G I              0   0    1      0, 0.0     2,-0.4     0, 0.0     3,-0.4   0.000 360.0 360.0 360.0 118.9    8.9    2.7    8.0
    2   17 G V  B     +A  171   0A   8    169,-3.1   169,-1.8     1,-0.2   123,-0.1  -0.845 360.0   7.4 -97.6 132.1   12.1    4.6    9.1
    3   18 G A  S    S+     0   0   48    121,-0.6    -1,-0.2    -2,-0.4     2,-0.1   0.681 101.6 116.3  74.6  19.7   11.6    8.0   10.8
    4   19 G A        -     0   0   29     -3,-0.4     2,-0.3   167,-0.1   134,-0.2  -0.136  59.5-114.4 -99.9-157.6    7.8    7.8   11.1
    5   20 G Y  E     -B  137   0B  97    132,-2.4   132,-3.1    -2,-0.1     2,-0.4  -0.926  35.7 -86.7-138.1 158.3    5.4    7.6   14.0
    6   21 G T  E     -B  136   0B  79     -2,-0.3   130,-0.2   130,-0.2   129,-0.1  -0.548  52.6-119.3 -67.3 121.5    3.0    5.0   15.5
    7   22 G C        -     0   0    2    128,-2.3   128,-0.1    -2,-0.4     3,-0.1  -0.321  30.0-106.8 -61.5 147.9   -0.3    5.5   13.6
    8   23 G A    >   -     0   0   56      1,-0.1     3,-1.5     2,-0.1    -1,-0.1  -0.262  40.0 -92.6 -68.4 158.7   -3.2    6.4   15.8
    9   24 G A  T 3  S+     0   0   63      1,-0.3    -1,-0.1     3,-0.0     3,-0.1  -0.440 116.4  29.7 -69.4 147.6   -5.9    3.8   16.4
   10   25 G N  T 3  S+     0   0  122      1,-0.3    -1,-0.3    -2,-0.1     2,-0.1   0.195  98.4 118.0  81.1 -12.9   -8.7    4.1   13.9
   11   26 G S    <   +     0   0   46     -3,-1.5    -1,-0.3     1,-0.2    -4,-0.0  -0.480  67.8  18.9 -80.8 162.4   -6.2    5.4   11.3
   12   27 G I    >   +     0   0    7     -2,-0.1     3,-1.5    -3,-0.1    -1,-0.2   0.910  64.6 171.5  50.2  57.1   -5.4    3.6    8.1
   13   28 G P  T 3  S+     0   0   30      0, 0.0    88,-1.3     0, 0.0    38,-0.3   0.673  75.1  59.5 -65.7 -15.9   -8.6    1.4    8.0
   14   29 G Y  T 3  S+     0   0   23     86,-0.2    15,-2.3    88,-0.1     2,-0.2   0.491  80.2 110.7 -88.9 -10.3   -7.6    0.3    4.4
   15   30 G Q  E <   -J   28   0C   2     -3,-1.5    36,-0.6    13,-0.2    37,-0.4  -0.478  45.7-175.5 -66.6 134.9   -4.2   -1.2    5.4
   16   31 G V  E     -JK  27  50C   0     11,-2.1    11,-1.1    -2,-0.2     2,-0.4  -0.905  19.7-138.1-125.9 160.4   -3.8   -5.0    5.2
   17   32 G S  E     -JK  26  49C   1     32,-2.3    32,-2.9    -2,-0.3     2,-0.5  -0.967  13.5-144.6-109.3 132.9   -1.0   -7.3    6.2
   18   33 G L  E     -JK  25  48C   0      7,-3.0     6,-2.4    -2,-0.4     7,-1.1  -0.890  24.6-169.5 -98.4 127.6   -0.2  -10.2    3.8
   19   34 G N  E     +JK  23  47C  19     28,-2.8    28,-2.6    -2,-0.5     4,-0.2  -0.962  30.3 166.5-127.3 129.7    0.8  -13.2    5.9
   20   37 G S  S    S-     0   0   21      2,-2.3     3,-0.1    -2,-0.4    26,-0.1  -0.480  96.4 -44.3-132.6  59.5    2.3  -16.5    4.8
   21   38 G A  S    S+     0   0   88     26,-0.1     2,-0.3     0, 0.0    -2,-0.1  -0.206 141.4  27.5  99.0 -39.4    3.3  -17.7    8.3
   22   39 G S  S    S-     0   0   83     -4,-0.0    -2,-2.3     0, 0.0     2,-0.2  -0.943 101.4 -86.7-144.2 158.5    4.6  -14.2    9.1
   23   40 G H  E     +J   19   0C  37     -2,-0.3    -4,-0.2    -4,-0.2     3,-0.1  -0.539  53.2 158.4 -58.6 132.9    3.8  -10.7    7.9
   24   41 G F  E     +     0   0C  40     -6,-2.4     2,-0.3     1,-0.5   151,-0.3   0.583  58.6   8.0-134.3 -17.7    5.9  -10.2    4.7
   25   42 G C  E     -J   18   0C   6     -7,-1.1    -7,-3.0   151,-0.1    -1,-0.5  -0.944  62.8-131.6-156.5 159.7    4.1   -7.4    2.7
   26   43 G A  E     +J   17   0C   0    151,-3.0    12,-0.4    -2,-0.3     2,-0.3  -0.436  22.0 179.8-101.8-173.5    1.3   -4.9    3.1
   27   44 G A  E     -J   16   0C   0    -11,-1.1   -11,-2.1    -2,-0.2     2,-0.4  -0.947  23.7-111.3-172.3 180.0   -1.6   -4.0    0.8
   28   45 G S  E     -JL  15  36C   2      8,-2.1     8,-2.5    -2,-0.3     2,-0.5  -0.994  19.4-129.9-133.9 134.1   -4.6   -1.7    0.5
   29   46 G L  E     + L   0  35C   1    -15,-2.3    74,-2.1    -2,-0.4     6,-0.2  -0.725  27.9 172.8 -82.2 121.1   -8.3   -2.6    0.5
   30   47 G I  E     -     0   0C  19      4,-2.3     2,-0.3    -2,-0.5     5,-0.2   0.588  68.9  -5.3-108.6 -14.2  -10.0   -1.0   -2.5
   31   48 G N  E >  S- L   0  34C  48      3,-1.1     3,-0.7    70,-0.1    -1,-0.3  -0.923  92.4 -80.5-159.1 179.9  -13.5   -2.6   -2.3
   32   49 G S  T 3  S+     0   0   42     -2,-0.3    62,-3.2     1,-0.2    60,-0.1   0.655 126.6  30.3 -66.9 -15.5  -14.9   -5.3    0.0
   33   50 G Q  T 3  S+     0   0   65     60,-0.2    57,-2.9     1,-0.1     2,-0.4   0.486 108.3  69.2-117.4  -5.1  -13.4   -8.2   -2.1
   34   51 G W  E <   -LM  31  89C   5     -3,-0.7    -4,-2.3    55,-0.2    -3,-1.1  -0.962  48.5-171.1-129.5 140.0  -10.2   -6.9   -3.6
   35   52 G V  E     -LM  29  88C   0     53,-2.8    53,-2.6    -2,-0.4     2,-0.4  -0.933  12.7-148.9-119.8 140.8   -6.8   -5.9   -2.3
   36   53 G V  E     +LM  28  87C   0     -8,-2.5    -8,-2.1    -2,-0.4     2,-0.2  -0.905  31.5 146.4-109.4 140.6   -4.0   -4.2   -4.3
   37   54 G S  E     - M   0  86C   0     49,-2.5    49,-2.3    -2,-0.4     2,-0.3  -0.785  51.7 -64.8-149.7-166.1   -0.3   -4.9   -3.4
   38   55 G A    >   -     0   0    0    -12,-0.4     3,-1.7    47,-0.3    47,-0.3  -0.726  35.3-132.3 -92.6 141.6    3.1   -5.2   -5.2
   39   56 G A  G >  S+     0   0    2     -2,-0.3     3,-1.7     1,-0.3    -1,-0.1   0.821 106.0  64.4 -66.9 -26.0    3.6   -8.1   -7.8
   40   57 G H  G 3  S+     0   0   70      1,-0.3    -1,-0.3    41,-0.1   137,-0.0   0.619  91.2  67.3 -73.7  -5.7    7.0   -9.0   -6.1
   41   58 G C  G <  S+     0   0    3     -3,-1.7    -1,-0.3   -15,-0.1    -2,-0.2   0.302  75.0 135.1 -86.1   8.1    4.9   -9.9   -3.0
   42   59 G Y    <   +     0   0  118     -3,-1.7     2,-0.3     2,-0.0    -3,-0.0  -0.382  21.8 160.5 -61.0 131.6    3.4  -12.8   -5.0
   43   60 G K        -     0   0   81     -2,-0.1     3,-0.1     1,-0.0    -2,-0.0  -0.946  46.1-123.3-141.5 154.8    3.2  -16.1   -3.1
   44   61 G S  S    S+     0   0   92     -2,-0.3     2,-0.4     1,-0.2    -2,-0.0   0.721 102.3  41.3 -76.6 -17.7    1.0  -19.1   -4.0
   45   62 G R  S    S+     0   0  172      2,-0.0     2,-0.4   -25,-0.0    -1,-0.2  -0.993  71.7 165.7-131.1 121.3   -0.7  -19.1   -0.5
   46   63 G I        -     0   0    3     -2,-0.4    21,-2.6    21,-0.3     2,-0.5  -0.999  22.6-159.2-137.8 130.5   -1.5  -15.7    1.1
   47   64 G Q  E     -KN  19  66C  46    -28,-2.6   -28,-2.8    -2,-0.4     2,-0.5  -0.945  19.4-145.2-103.3 128.1   -3.8  -15.0    4.2
   48   65 G V  E     -KN  18  65C   0     17,-3.0    17,-2.7    -2,-0.5     2,-0.6  -0.841   9.3-157.8 -96.7 129.0   -4.9  -11.3    4.2
   49   66 G R  E     -KN  17  64C  52    -32,-2.9   -32,-2.3    -2,-0.5     2,-0.3  -0.955  13.1-177.0-114.7 118.4   -5.3   -9.8    7.6
   50   67 G L  E     +KN  16  63C   1     13,-2.9    13,-2.0    -2,-0.6   -34,-0.1  -0.776  60.7  32.2-110.2 157.2   -7.6   -6.8    7.9
   51   69 G A  S    S+     0   0    2    -36,-0.6     2,-0.3   -38,-0.3    10,-0.2   0.746  82.9 151.9  67.4  26.2   -8.4   -4.5   10.9
   52   70 G E        +     0   0    3    -37,-0.4    -1,-0.2    -3,-0.3     3,-0.1  -0.614  17.6 148.7 -88.3 142.8   -4.8   -5.0   12.3
   53   71 G H  S    S+     0   0   30      1,-0.3    82,-1.6    -2,-0.3     2,-0.8   0.456  79.8  35.2-132.6 -58.2   -3.0   -2.4   14.4
   54   72 G N  B >  S-P  134   0D  27      3,-0.2     3,-1.2    80,-0.2    -1,-0.3  -0.889  72.2-165.6 -97.2 106.1   -0.8   -4.4   16.6
   55   73 G I  T 3  S+     0   0   35     78,-2.3    -1,-0.1    -2,-0.8    79,-0.1   0.619  84.0  53.2 -69.3 -11.7    0.3   -7.4   14.4
   56   74 G D  T 3  S+     0   0  113     77,-0.2     2,-0.4     1,-0.1    -1,-0.2   0.554 105.1  55.6 -98.3  -9.5    1.6   -9.4   17.4
   57   75 G V  S <  S-     0   0   78     -3,-1.2     2,-0.9    76,-0.2    -4,-0.2  -0.976  79.6-126.4-126.1 134.7   -1.6   -9.3   19.6
   58   76 G L        +     0   0  127     -2,-0.4    -3,-0.1     1,-0.2    -6,-0.0  -0.770  30.9 176.7 -80.1 108.1   -5.2  -10.4   18.7
   59   77 G E        -     0   0   59     -2,-0.9    -1,-0.2    -5,-0.2    -4,-0.0   0.520  46.8-111.2 -89.6 -13.6   -7.0   -7.2   19.6
   60   78 G A  S    S+     0   0   92     -3,-0.1    -2,-0.1     0, 0.0    -9,-0.0   0.534  99.8  86.7  93.4   7.0  -10.5   -8.4   18.5
   61   79 G N        +     0   0   78    -10,-0.2     2,-0.1    38,-0.0    -9,-0.1   0.412  64.2 115.8-110.3  -3.6  -11.0   -6.2   15.4
   62   80 G E        -     0   0   30    -13,-0.0     2,-0.4     2,-0.0   -11,-0.2  -0.371  45.2-165.5 -74.3 146.8   -9.2   -8.5   12.9
   63   81 G Q  E     -N   50   0C  32    -13,-2.0   -13,-2.9    -2,-0.1     2,-0.6  -1.000   7.1-163.4-122.2 123.7  -10.6  -10.3    9.9
   64   82 G F  E     +N   49   0C  78     -2,-0.4     2,-0.4   -15,-0.2   -15,-0.2  -0.958  17.9 171.1-107.9 115.6   -8.3  -13.0    8.5
   65   83 G I  E     -N   48   0C  18    -17,-2.7   -17,-3.0    -2,-0.6     2,-0.1  -0.987  29.6-123.7-130.4 130.2   -9.5  -14.0    4.9
   66   84 G N  E     -N   47   0C  85     -2,-0.4    25,-2.9   -19,-0.2     2,-0.4  -0.432  28.0-111.2 -72.2 144.9   -7.6  -16.2    2.5
   67   85 G A  E     +O   90   0C  18    -21,-2.6   -21,-0.3    23,-0.2    23,-0.2  -0.636  32.3 179.9 -72.9 127.4   -6.7  -15.0   -1.0
   68   86 G A  E    S+     0   0C  64     21,-3.1     2,-0.4    -2,-0.4    22,-0.2   0.829  71.6  30.4 -93.2 -53.7   -8.8  -16.8   -3.6
   69   87 G K  E     -O   89   0C  82     20,-1.7    20,-2.2     2,-0.0     2,-0.4  -0.904  62.9-174.7-109.5 142.2   -7.4  -15.1   -6.8
   70   88 G I  E     +O   88   0C  35     -2,-0.4     2,-0.6    18,-0.2    18,-0.2  -0.941  10.9 178.2-138.4 106.1   -3.8  -13.7   -7.0
   71   89 G I  E     -O   87   0C  45     16,-3.1    16,-2.8    -2,-0.4     2,-0.2  -0.941  11.1-162.8-122.5 109.0   -3.2  -11.8  -10.2
   72   90 G T  E     -O   86   0C  49     -2,-0.6    14,-0.2    14,-0.2    12,-0.1  -0.563  42.5 -86.5 -82.7 151.3    0.1  -10.1  -11.0
   73   91 G H    >   -     0   0   18     12,-2.2     3,-2.1    10,-0.3    -1,-0.1  -0.375  36.7-125.4 -56.2 134.6    0.3   -7.5  -13.8
   74   92 G P  T 3  S+     0   0   95      0, 0.0    -1,-0.1     0, 0.0    -2,-0.0   0.784 109.1  44.3 -55.1 -28.1    0.9   -9.3  -17.2
   75   93 G N  T 3  S+     0   0  105      8,-0.1     2,-0.1     2,-0.1    -2,-0.1   0.175  77.3 140.5-105.6  15.4    4.0   -7.1  -17.8
   76   94 G F    <   -     0   0   53     -3,-2.1     2,-0.6     9,-0.1     7,-0.2  -0.403  37.8-155.7 -56.0 131.8    5.6   -7.3  -14.4
   77   95 G N     >  -     0   0   59      5,-2.2     4,-2.3     1,-0.1     5,-0.4  -0.957   7.2-161.3-116.1 115.2    9.4   -7.6  -14.7
   78   96 G A  T  4 S+     0   0   70     -2,-0.6    -1,-0.1     1,-0.2    -2,-0.0   0.707  88.8  50.5 -66.3 -23.1   11.0   -9.2  -11.7
   79   97 G N  T  4 S+     0   0  152      1,-0.1    -1,-0.2     3,-0.1    -2,-0.0   0.909 125.0  23.4 -83.5 -45.4   14.4   -7.8  -12.6
   80   98 G T  T  4 S-     0   0   72      2,-0.1    -2,-0.2     3,-0.0    -1,-0.1   0.590  94.8-132.6 -96.9 -12.4   13.6   -4.2  -13.1
   81   99 G L    ><  +     0   0   32     -4,-2.3     3,-0.7     1,-0.2    -3,-0.2   0.648  48.8 157.7  63.6  20.6   10.4   -4.2  -11.0
   82  100 G D  T 3   +     0   0   36     -5,-0.4    -5,-2.2     1,-0.2    -1,-0.2  -0.494  65.5  17.8 -70.9 144.4    8.5   -2.3  -13.8
   83  101 G N  T 3  S+     0   0   20     -7,-0.2     2,-1.8     1,-0.2   -10,-0.3   0.887  80.7 177.1  57.8  46.9    4.7   -2.8  -13.5
   84  102 G D    <   +     0   0    1     -3,-0.7     2,-0.3    75,-0.2   123,-0.2  -0.516  31.0 115.0 -83.2  76.6    5.0   -3.9   -9.9
   85  103 G I        -     0   0    0     -2,-1.8   -12,-2.2   -47,-0.3     2,-0.3  -0.996  36.9-177.3-149.7 141.4    1.3   -4.3   -9.0
   86  104 G M  E     -MO  37  72C   0    -49,-2.3   -49,-2.5    -2,-0.3     2,-0.4  -0.981  14.9-145.1-139.7 144.9   -0.9   -7.3   -8.1
   87  105 G L  E     -MO  36  71C   0    -16,-2.8   -16,-3.1    -2,-0.3     2,-0.4  -0.921  11.2-164.5-112.2 138.9   -4.6   -7.7   -7.3
   88  106 G I  E     -MO  35  70C   0    -53,-2.6   -53,-2.8    -2,-0.4     2,-0.6  -0.994   7.1-153.7-121.7 129.7   -5.9  -10.2   -4.7
   89  107 G K  E     -MO  34  69C  41    -20,-2.2   -21,-3.1    -2,-0.4   -20,-1.7  -0.930  23.8-127.6-102.5 123.6   -9.6  -11.3   -4.6
   90  108 G L  E     - O   0  67C   2    -57,-2.9   -23,-0.2    -2,-0.6   -24,-0.1  -0.388  10.4-127.7 -67.1 145.6  -10.6  -12.4   -1.1
   91  109 G S  S    S+     0   0   67    -25,-2.9    -1,-0.1     1,-0.1   -24,-0.1   0.777  99.3  16.3 -67.8 -26.3  -12.3  -15.8   -0.7
   92  110 G S  S    S-     0   0   67    -26,-0.3    -1,-0.1   -60,-0.1   -24,-0.0  -0.974  97.9 -95.6-138.6 150.5  -15.1  -13.9    1.2
   93  111 G P        -     0   0   72      0, 0.0   -60,-0.2     0, 0.0     2,-0.2  -0.323  40.4-115.3 -63.7 144.3  -15.9  -10.2    1.3
   94  112 G A        -     0   0    7    -62,-3.2     2,-0.7   -63,-0.1   -62,-0.0  -0.534  25.9-114.7 -72.8 147.9  -14.5   -8.2    4.2
   95  113 G T        -     0   0   93     -2,-0.2     2,-0.4     6,-0.0     5,-0.1  -0.796  30.6-144.9 -82.8 111.7  -17.0   -6.6    6.6
   96  114 G L        +     0   0   83     -2,-0.7     2,-0.2     3,-0.1     5,-0.2  -0.705  43.4 132.5 -80.6 129.4  -16.5   -2.9    6.1
   97  115 G N  S    S-     0   0   74      3,-2.5    -1,-0.0    -2,-0.4     0, 0.0  -0.617  70.9 -53.4-149.7-150.8  -17.0   -1.2    9.5
   98  116 G S  S    S+     0   0  103     -2,-0.2    -1,-0.1     1,-0.2    -2,-0.0   0.987 135.2  34.6 -63.0 -62.7  -15.3    1.4   11.7
   99  117 G R  S    S+     0   0   13      1,-0.1     2,-0.5    -3,-0.1   -48,-0.2   0.516 117.9  54.0 -70.9 -17.8  -11.9   -0.3   11.7
  100  118 G V        +     0   0    0    -50,-0.1    -3,-2.5   -49,-0.1     2,-0.3  -0.984  67.0 146.0-124.4 122.9  -12.0   -1.7    8.1
  101  119 G A        -     0   0   30    -88,-1.3   -72,-0.3    -2,-0.5     2,-0.2  -0.948  40.5-110.1-148.8 163.7  -12.7    0.7    5.2
  102  120 G T        -     0   0   63     -2,-0.3     2,-0.3   -72,-0.1   -72,-0.2  -0.595  19.1-138.1 -97.9 160.5  -11.7    1.1    1.5
  103  121 G V        -     0   0    9    -74,-2.1     2,-0.2    -2,-0.2    83,-0.1  -0.895  27.3-110.7-113.7 145.9   -9.4    3.7   -0.1
  104  122 G S  B     -c  186   0B  75     81,-0.8    83,-3.1    -2,-0.3     3,-0.1  -0.472  22.2-120.3 -74.8 145.2  -10.2    5.3   -3.5
  105  123 G L        -     0   0   38     81,-0.2    83,-0.1    -2,-0.2     2,-0.1  -0.489  49.2 -85.6 -76.0 151.3   -8.3    4.7   -6.7
  106  124 G P        -     0   0    8      0, 0.0    -1,-0.1     0, 0.0     3,-0.1  -0.352  25.2-160.6 -66.2 141.3   -6.8    8.0   -8.1
  107  125 G R  S    S+     0   0  196      1,-0.2     2,-0.3    -2,-0.1    -2,-0.0   0.509  83.7   1.2 -93.0 -11.7   -8.9   10.2  -10.4
  108  127 G S  S    S-     0   0   44      0, 0.0    -1,-0.2     0, 0.0     2,-0.1  -0.936  90.9 -86.2-162.3 161.2   -5.6   11.8  -11.7
  109  128 G C        -     0   0   61     -2,-0.3     2,-0.2    -3,-0.1    79,-0.0  -0.494  52.0-105.9 -73.0 151.4   -1.9   11.4  -11.1
  110  129 G A        -     0   0   29     -2,-0.1     2,-0.2    78,-0.1    -1,-0.1  -0.546  30.3-125.9 -78.6 143.5   -0.5   13.3   -8.1
  111  130 G A    >   -     0   0   67     -2,-0.2     3,-2.0     1,-0.1    31,-0.3  -0.574  37.2 -87.0 -83.1 152.2    1.6   16.4   -8.8
  112  132 G A  T 3  S+     0   0   51      1,-0.3    31,-0.2    -2,-0.2    -1,-0.1  -0.309 116.6  35.2 -51.2 139.5    5.1   16.8   -7.4
  113  133 G A  T 3  S+     0   0   82     29,-3.3    -1,-0.3     1,-0.3    30,-0.1   0.152  79.7 137.7  95.5 -17.1    4.9   18.4   -3.9
  114  134 G T    <   -     0   0   26     -3,-2.0    28,-2.1    27,-0.1     2,-0.4  -0.373  54.6-127.5 -61.3 133.7    1.6   16.6   -2.9
  115  135 G E  E     -D  141   0B 127     26,-0.2    69,-0.6    -3,-0.1     2,-0.3  -0.727  33.6-175.6 -86.6 136.1    1.9   15.4    0.7
  116  136 G C  E     -DE 140 183B   4     24,-2.7    24,-1.9    -2,-0.4     2,-0.5  -0.831  24.9-125.0-128.3 168.2    1.0   11.7    1.2
  117  137 G L  E     -DE 139 182B  40     65,-2.4    65,-2.5    -2,-0.3     2,-0.4  -0.976  24.2-173.8-117.5 123.1    0.7    9.2    4.0
  118  138 G I  E     +DE 138 181B   1     20,-2.9    20,-2.1    -2,-0.5     2,-0.3  -0.909   9.3 179.7-114.7 142.7    2.7    6.0    3.8
  119  139 G S  E     +D  137   0B   0     61,-1.1     2,-0.3    -2,-0.4    18,-0.2  -0.989  11.7 125.6-146.1 154.7    2.2    3.1    6.3
  120  140 G A  E     -D  136   0B   0     16,-2.0    16,-2.3    -2,-0.3    56,-0.2  -0.958  55.9-107.7 171.5 171.2    3.5   -0.3    7.2
  121  141 G W  S    S+     0   0    3     54,-0.5    55,-0.1    -2,-0.3     3,-0.1  -0.060  73.2 125.0-104.6  24.1    5.0   -2.8    9.6
  122  142 G A  S    S-     0   0    0      1,-0.2    53,-0.3    14,-0.1    52,-0.1  -0.138  70.9 -50.4 -79.1-176.1    8.4   -2.8    8.0
  123  143 G N        -     0   0   11     51,-3.0     8,-0.2     8,-0.1    -1,-0.2  -0.150  38.9-162.5 -57.1 135.8   11.9   -2.1    9.4
  124  144 G T        +     0   0   38      6,-2.5  -121,-0.6    -3,-0.1     2,-0.4   0.447  66.9  77.4 -99.8  -1.4   12.2    1.1   11.4
  125  145 G K        -     0   0   97      5,-0.3     3,-0.2     3,-0.2     5,-0.1  -0.883  57.0-160.4-111.9 138.8   16.0    1.3   11.2
  126  146 G S  S    S+     0   0   73     -2,-0.4     2,-0.5     1,-0.3    71,-0.2   0.874  97.1  33.8 -78.8 -38.1   18.2    2.3    8.3
  127  147 G S  S    S+     0   0  102     69,-0.1    -1,-0.3     2,-0.0     2,-0.2  -0.970 127.6   2.4-119.8 123.7   21.1    0.5   10.0
  128  148 G A  S    S-     0   0   67     -2,-0.5     2,-0.4    -3,-0.2    -3,-0.2  -0.506  89.3 -82.5  97.3-168.3   20.1   -2.6   11.9
  129  149 G S        +     0   0   82     -2,-0.2     2,-0.3    -5,-0.1    -3,-0.1  -0.999  40.4 162.7-139.4 132.0   16.7   -4.1   12.2
  130  150 G S        -     0   0   50     -2,-0.4    -6,-2.5    -5,-0.1    -5,-0.3  -0.893  17.8-163.1-146.0 120.4   13.7   -3.3   14.4
  131  151 G Y        -     0   0  128     -2,-0.3    -8,-0.1    -8,-0.2    -9,-0.1  -0.953  18.2-139.1-110.1 115.1   10.3   -4.6   13.4
  132  152 G P        -     0   0   22      0, 0.0   -77,-0.1     0, 0.0     4,-0.1  -0.352  13.7-146.6 -77.6 149.4    7.5   -2.9   15.2
  133  153 G S  S    S+     0   0   45    -79,-0.1   -78,-2.3    -2,-0.1     2,-0.3   0.861  85.8  65.6 -69.9 -42.1    4.3   -4.5   16.6
  134  154 G L  B    S-P   54   0D  47    -80,-0.2   -80,-0.2   -79,-0.1   -14,-0.1  -0.674  96.5-101.3 -93.3 142.6    2.3   -1.3   15.8
  135  155 G L        -     0   0    0    -82,-1.6  -128,-2.3    -2,-0.3     2,-0.3  -0.293  39.7-143.7 -55.0 132.8    1.6    0.1   12.4
  136  156 G Q  E     -BD   6 120B  21    -16,-2.3   -16,-2.0  -130,-0.2     2,-0.3  -0.814  11.7-157.9-106.8 147.6    3.9    3.0   11.5
  137  157 G C  E     -BD   5 119B   2   -132,-3.1  -132,-2.4    -2,-0.3     2,-0.3  -0.887   8.2-174.3-124.1 152.7    3.0    6.1    9.5
  138  158 G L  E     - D   0 118B   5    -20,-2.1   -20,-2.9    -2,-0.3     2,-0.5  -0.973  16.2-148.6-150.3 130.8    4.9    8.6    7.5
  139  159 G K  E     + D   0 117B 111     -2,-0.3   -22,-0.2   -22,-0.2   -24,-0.1  -0.896  35.6 154.3 -97.2 127.3    4.0   11.9    5.8
  140  160 G A  E     - D   0 116B   1    -24,-1.9   -24,-2.7    -2,-0.5     2,-0.2  -0.985  36.1-115.3-153.5 148.2    6.2   12.5    2.7
  141  161 G P  E     - D   0 115B  37      0, 0.0    23,-2.3     0, 0.0     2,-0.3  -0.602  28.3-107.0 -90.9 152.8    5.8   14.4   -0.6
  142  162 G V  B     -F  163   0B   8    -28,-2.1   -29,-3.3   -31,-0.3    21,-0.2  -0.609  41.2-138.2 -67.5 127.7    5.7   13.2   -4.2
  143  163 G L        -     0   0   30     19,-2.7    19,-0.3    -2,-0.3   -29,-0.1  -0.563  25.9 -90.8 -88.0 158.8    9.1   14.2   -5.7
  144  164 G S     >  -     0   0   35     -2,-0.2     4,-2.4     1,-0.1     5,-0.2  -0.390  31.9-117.8 -66.1 152.5    9.4   15.6   -9.3
  145  165 G N  H  > S+     0   0   93      1,-0.2     4,-2.5     2,-0.2     5,-0.2   0.897 116.2  54.1 -56.3 -39.7    9.9   13.1  -12.0
  146  166 G S  H  > S+     0   0   81      1,-0.2     4,-2.4     2,-0.2    -1,-0.2   0.928 108.1  47.1 -65.9 -44.8   13.3   14.8  -12.7
  147  167 G S  H  > S+     0   0   35      2,-0.2     4,-1.7     1,-0.2    -1,-0.2   0.876 113.4  50.6 -61.3 -38.0   14.6   14.5   -9.1
  148  168 G C  H  X S+     0   0    2     -4,-2.4     4,-1.5     2,-0.2     3,-0.2   0.964 111.9  45.2 -65.6 -47.5   13.5   10.8   -9.1
  149  169 G K  H  < S+     0   0   89     -4,-2.5     6,-0.2     1,-0.3    -2,-0.2   0.872 113.0  50.6 -68.7 -34.7   15.3   10.0  -12.4
  150  170 G S  H  < S+     0   0   84     -4,-2.4    -1,-0.3     1,-0.2    -2,-0.2   0.813 107.7  54.2 -73.8 -25.1   18.4   11.8  -11.3
  151  171 G S  H  < S+     0   0   10     -4,-1.7    -1,-0.2     1,-0.3    -2,-0.2   0.804 123.8  25.9 -72.8 -29.5   18.4    9.9   -8.0
  152  172 G Y  S >X S-     0   0    1     -4,-1.5     3,-2.1    -5,-0.1     4,-0.6  -0.550  88.6-150.5-135.9  71.9   18.3    6.6   -9.8
  153  173 G P  T 34 S-     0   0   88      0, 0.0    -3,-0.1     0, 0.0    -4,-0.1  -0.109  77.4  -4.2 -48.0 124.8   19.9    7.1  -13.3
  154  174 G A  T 34 S+     0   0  115     -5,-0.1    -4,-0.1     2,-0.1    -5,-0.1   0.548 116.6  85.5  69.4  11.3   18.4    4.7  -16.0
  155  175 G Q  T <4  +     0   0   80     -3,-2.1     2,-0.6    -6,-0.2    -1,-0.1   0.511  61.2  88.4-117.1 -12.3   16.1    2.8  -13.5
  156  176 G I     <  -     0   0   17     -4,-0.6     2,-0.1    -7,-0.1    -2,-0.1  -0.834  56.3-169.5 -95.3 117.7   12.9    4.8  -13.2
  157  177 G T    >   -     0   0   39     -2,-0.6     3,-1.5     1,-0.1    -2,-0.1  -0.446  43.4 -94.0 -90.5-178.5   10.2    3.9  -15.8
  158  178 G A  T 3  S+     0   0   71      1,-0.3    -1,-0.1    -2,-0.1    -2,-0.0   0.571 122.5  64.5 -73.0  -5.8    7.0    5.8  -16.5
  159  179 G N  T 3  S+     0   0   31     48,-0.0    49,-2.5    51,-0.0     2,-0.4   0.140  93.2  75.9-100.9  18.8    5.3    3.5  -14.0
  160  180 G M  E <   - G   0 207B   8     -3,-1.5     2,-0.3    47,-0.3    47,-0.2  -0.964  53.2-171.6-134.7 143.1    7.3    4.6  -11.0
  161  181 G I  E     - G   0 206B  23     45,-2.5    45,-3.0    -2,-0.4     2,-0.4  -0.946  19.9-133.2-127.7 151.4    7.2    7.7   -8.7
  162  182 G C  E     - G   0 205B   0    -19,-0.3   -19,-2.7    -2,-0.3     2,-0.4  -0.910  23.8-179.0-101.0 135.1    9.7    8.7   -5.9
  163  183 G V  E     +FG 142 204B   0     41,-1.7    41,-0.9    -2,-0.4     2,-0.4  -0.997  41.9  48.1-133.4 130.6    8.1    9.8   -2.6
  164  184AG A  S    S-     0   0    3    -23,-2.3     2,-0.4    -2,-0.4     7,-0.1  -0.999  85.7 -44.3 149.0-144.9   10.2   10.9    0.3
  165  184 G F    >   -     0   0   36      5,-0.5     3,-1.6    -2,-0.4    37,-0.3  -0.996  24.6-148.8-134.6 126.4   13.1   13.2    1.1
  166  185 G L  T 3  S+     0   0   47     -2,-0.4    35,-3.3     1,-0.3    36,-0.1   0.742 102.5  61.6 -66.4 -22.5   16.4   13.6   -0.8
  167  186 G Q  T 3  S-     0   0  121      1,-0.2    -1,-0.3    33,-0.2    33,-0.2   0.660 101.4-147.8 -74.3 -16.2   18.0   14.3    2.6
  168  187 G A    <   +     0   0   12     -3,-1.6    -1,-0.2    31,-0.2    31,-0.2  -0.362  61.3 112.5  75.9-167.2   17.1   10.8    3.8
  169  188AG A  S    S+     0   0   59     29,-2.5     2,-0.4    -2,-0.1    30,-0.1   0.056  78.0  62.1  87.1 -21.4   16.2    9.9    7.3
  170  188 G K        +     0   0   68     -5,-0.2    -5,-0.5    29,-0.1     2,-0.3  -0.991  67.5 116.1-136.0 125.1   12.5    9.1    6.6
  171  189 G D  B     -A    2   0A   3   -169,-1.8  -169,-3.1    -2,-0.4     2,-0.1  -0.969  61.6 -89.9-171.5 167.1   11.5    6.3    4.1
  172  190 G S        -     0   0    9     -2,-0.3    26,-0.3  -171,-0.2     2,-0.2  -0.433  48.0-176.2 -81.0 170.9    9.7    3.0    3.8
  173  191 G C    >   -     0   0   10     -2,-0.1     3,-2.4    24,-0.1     4,-0.3  -0.860  37.3 -33.0-155.8-175.4   11.9   -0.1    4.2
  174  192 G Q  T 3  S+     0   0  118      1,-0.3   -51,-3.0    -2,-0.2  -149,-0.1  -0.299 125.5  30.8 -56.2 131.2   11.8   -4.0    4.1
  175  193 G A  T 3  S+     0   0   17   -151,-0.3   -54,-0.5   -53,-0.3    -1,-0.3   0.162 100.4  84.8 101.8 -13.4    8.5   -5.3    5.2
  176  194 G D    X   +     0   0    0     -3,-2.4     3,-2.0   -56,-0.2    15,-0.3   0.569  59.1 127.4 -90.1 -16.2    6.6   -2.2    3.9
  177  195 G S  T 3  S+     0   0   19     -4,-0.3  -151,-3.0     1,-0.3    15,-0.2  -0.091  71.7  20.8 -44.2 137.2    6.4   -3.6    0.2
  178  196 G A  T 3  S+     0   0    1     13,-2.8    -1,-0.3     1,-0.3  -150,-0.1   0.170  96.9 128.8  88.7 -15.1    2.9   -3.6   -1.3
  179  197 G A    <   -     0   0    0     -3,-2.0    12,-2.1     1,-0.1    -1,-0.3  -0.127  59.4 -83.3 -74.3 170.2    1.6   -1.0    1.2
  180  198 G P  E     - H   0 190B   0      0, 0.0   -61,-1.1     0, 0.0     2,-0.5  -0.407  22.3-171.0 -80.1 144.8   -0.2    2.2    0.5
  181  199 G V  E     -EH 118 189B   0      8,-1.6     7,-2.3   -63,-0.2     8,-1.6  -0.978  23.3-172.4-123.9 111.5    0.8    5.7   -0.4
  182  200 G V  E     -EH 117 187B  15    -65,-2.5   -65,-2.4    -2,-0.5     2,-0.5  -0.936   7.5-178.0-114.9 124.2   -2.4    7.8   -0.1
  183  201 G C  E >  S-EH 116 186B   1      3,-2.8     3,-1.8    -2,-0.5   -67,-0.2  -0.982  73.7 -10.2-127.6 123.6   -2.4   11.4   -1.3
  184  202 G N  T 3  S-     0   0  127    -69,-0.6    -1,-0.2    -2,-0.5     3,-0.1   0.866 130.0 -56.5  55.1  38.1   -5.4   13.6   -0.9
  185  203 G A  T 3  S+     0   0   72      1,-0.2   -81,-0.8    -3,-0.1     2,-0.4   0.561 117.0 107.6  73.3  11.2   -7.4   10.5    0.1
  186  204 G Q  E <  S-cH 104 183B  33     -3,-1.8    -3,-2.8   -83,-0.1     2,-0.9  -0.959  76.6-112.9-121.5 145.5   -6.5    8.6   -3.2
  187  209 G L  E     + H   0 182B   0    -83,-3.1    -5,-0.2    -2,-0.4     3,-0.1  -0.598  46.1 159.4 -75.2 104.9   -4.1    5.6   -3.5
  188  210 G Q  E     +     0   0B   5     -7,-2.3    21,-1.6    -2,-0.9    22,-0.5   0.702  56.0  24.6-101.5 -20.1   -1.3    7.0   -5.6
  189  211 G A  E     -IH 208 181B   0     -8,-1.6    -8,-1.6    19,-0.2     2,-0.4  -0.963  53.2-148.0-148.3 159.6    1.6    4.6   -4.9
  190  212 G I  E     -IH 207 180B   2     17,-0.8    17,-2.0    -2,-0.3     2,-0.1  -0.994  40.1-107.6-124.5 129.6    2.5    1.1   -3.8
  191  213 G V  E     +I  206   0B   5    -12,-2.1   -13,-2.8    -2,-0.4    15,-0.2  -0.422  57.0 150.3 -58.0 124.7    5.7    0.5   -1.8
  192  214 G S  E     -     0   0B   7     13,-1.5     2,-0.3     1,-0.3    14,-0.2   0.673  45.4 -41.6-125.7 -66.5    8.1   -1.2   -4.2
  193  215 G W  E     +I  205   0B  42     12,-1.9    12,-2.8   -19,-0.0    -1,-0.3  -0.875  40.3 166.1-159.0 179.6   11.9   -0.7   -3.9
  194  216 G A        -     0   0   29     -2,-0.3     2,-0.7    10,-0.2    10,-0.1  -0.934  50.0 -80.4 178.6-178.8   14.9    1.6   -3.2
  195  217 G Y  S    S-     0   0  104     -2,-0.3     4,-0.4     8,-0.2    -2,-0.0  -0.951  95.8 -40.9-101.4 114.3   18.6    1.4   -2.4
  196  219 G A  S    S-     0   0   55     -2,-0.7     2,-0.4     2,-0.1   -69,-0.1  -0.291  92.0 -73.2  61.7-153.1   18.8    0.7    1.3
  197  220 G C  S    S-     0   0    7    -71,-0.2   -24,-0.1    -3,-0.1   -28,-0.1  -0.994 101.2  -3.4-143.0 137.1   16.3    2.7    3.4
  198  221AG A  S    S+     0   0    9     -2,-0.4   -29,-2.5   -26,-0.3     2,-0.2   0.667  85.6 155.5  57.8  25.1   16.3    6.4    4.3
  199  221 G Q  B >   -Q  202   0E  96      3,-0.5     3,-1.8    -4,-0.4   -31,-0.2  -0.521  53.5 -92.1 -80.3 150.0   19.6    7.0    2.5
  200  222 G K  T 3  S+     0   0  115      1,-0.3   -33,-0.2   -33,-0.2   -34,-0.1  -0.348 109.7   3.0 -58.6 133.4   20.6   10.5    1.2
  201  223 G N  T 3  S+     0   0   76    -35,-3.3    -1,-0.3   -36,-0.1   -35,-0.1   0.615 110.1  95.9  60.7  17.8   19.6   10.9   -2.4
  202  224 G K  B <   +Q  199   0E  47     -3,-1.8    -3,-0.5   -37,-0.3    -4,-0.2  -0.627  54.8 176.7-131.3  72.7   18.0    7.5   -2.6
  203  225 G P        -     0   0    2      0, 0.0    -8,-0.2     0, 0.0   -39,-0.2  -0.261  41.6 -84.0 -69.4 161.1   14.2    8.1   -1.9
  204  226 G A  E     -G  163   0B   1    -41,-0.9   -41,-1.7   -10,-0.1     2,-0.4  -0.420  39.0-140.0 -65.6 149.2   11.7    5.2   -2.0
  205  227 G V  E     -GI 162 193B   0    -12,-2.8   -12,-1.9   -43,-0.2   -13,-1.5  -0.922  22.1-172.2-113.8 135.6   10.4    4.2   -5.4
  206  228 G Y  E     -GI 161 191B   1    -45,-3.0   -45,-2.5    -2,-0.4   -15,-0.2  -0.947  32.0 -99.1-131.6 146.6    6.7    3.3   -5.6
  207  229 G T  E     -GI 160 190B   2    -17,-2.0     2,-1.3    -2,-0.3   -17,-0.8  -0.495  39.7-122.8 -67.0 132.4    4.4    1.9   -8.4
  208  230 G K  E >   - I   0 189B  56    -49,-2.5     3,-1.8     1,-0.2     4,-0.2  -0.671  28.0-170.4 -84.3  94.8    2.5    4.8  -10.0
  209  231 G V  G >  S+     0   0    0    -21,-1.6     3,-2.4    -2,-1.3     4,-0.3   0.803  74.8  71.8 -61.5 -30.2   -1.1    3.6   -9.4
  210  232 G C  G 3  S+     0   0   23    -22,-0.5     3,-0.4     1,-0.3    -1,-0.3   0.697  92.1  60.8 -66.0 -10.8   -2.7    6.3  -11.6
  211  233 G N  G <  S+     0   0   69     -3,-1.8    -1,-0.3     1,-0.2     4,-0.2   0.597 106.7  45.5 -81.7 -12.8   -1.3    4.4  -14.7
  212  234 G Y  S <> S+     0   0    7     -3,-2.4     4,-2.8    -4,-0.2     5,-0.2   0.310  72.6 108.2-118.1   9.1   -3.3    1.2  -13.8
  213  235 G V  H  > S+     0   0   25     -3,-0.4     4,-2.7    -4,-0.3     5,-0.2   0.916  86.1  45.4 -59.0 -42.5   -6.8    2.3  -12.9
  214  236 G N  H  > S+     0   0  115      2,-0.2     4,-2.9     1,-0.2     5,-0.2   0.928 112.9  50.2 -69.0 -37.8   -8.3    0.9  -16.1
  215  237 G W  H  > S+     0   0   41      2,-0.2     4,-2.6     1,-0.2    -2,-0.2   0.907 112.7  48.1 -65.2 -40.0   -6.4   -2.4  -15.8
  216  238 G I  H  X S+     0   0    0     -4,-2.8     4,-2.8     2,-0.2     5,-0.2   0.968 114.0  45.9 -64.3 -48.9   -7.6   -2.7  -12.1
  217  239 G Q  H  X S+     0   0  100     -4,-2.7     4,-2.8     1,-0.2    -2,-0.2   0.939 114.5  46.9 -61.8 -47.8  -11.2   -1.9  -13.1
  218  240 G Q  H  X S+     0   0  129     -4,-2.9     4,-1.6     2,-0.2    -1,-0.2   0.916 113.0  50.1 -59.5 -42.7  -11.2   -4.3  -16.1
  219  241 G T  H  X S+     0   0   15     -4,-2.6     4,-0.6     1,-0.2     3,-0.4   0.922 112.9  45.4 -66.7 -41.7   -9.6   -7.1  -13.9
  220  242 G I  H >< S+     0   0   42     -4,-2.8     3,-1.1     1,-0.2    -1,-0.2   0.923 112.7  52.2 -65.5 -40.2  -12.2   -6.7  -11.2
  221  243 G A  H 3< S+     0   0   91     -4,-2.8    -1,-0.2     1,-0.3    -2,-0.2   0.754 112.1  46.3 -66.3 -26.5  -14.9   -6.6  -13.8
  222  244 G A  H 3<        0   0   79     -4,-1.6    -1,-0.3    -3,-0.4    -2,-0.2   0.467 360.0 360.0 -94.4  -3.2  -13.7   -9.8  -15.3
  223  245 G N    <<        0   0   71     -3,-1.1    -2,-0.2    -4,-0.6    -3,-0.1   0.348 360.0 360.0-137.1 360.0  -13.2  -11.9  -12.1