 #  RESIDUE AA STRUCTURE BP1 BP2  ACC     N-H-->O    O-->H-N    N-H-->O    O-->H-N    TCO  KAPPA ALPHA  PHI   PSI    X-CA   Y-CA   Z-CA 
    1    1 S R              0   0   40      0, 0.0    16,-2.5     0, 0.0     2,-0.4   0.000 360.0 360.0 360.0 145.0  -10.9   -6.7    2.7
    2    2 S I  E     +A   16   0A  72     14,-0.2    55,-2.4    16,-0.1     2,-0.3  -0.969 360.0 165.2-112.9 130.9  -11.7   -3.0    1.7
    3    3 S C  E     -A   15   0A   5     12,-3.0    12,-2.7    -2,-0.4     2,-0.2  -0.972  38.3 -99.2-149.4 154.7   -8.7   -0.8    0.9
    4    4 S Y  E     +A   14   0A  33     -2,-0.3    10,-0.3    10,-0.3    19,-0.2  -0.545  28.6 178.4 -76.7 141.3   -7.8    2.6   -0.7
    5    5 S N        +     0   0   67      8,-2.5     2,-0.4    -2,-0.2     9,-0.2  -0.325  40.0 112.1-143.3  50.4   -6.5    2.5   -4.3
    6    6 S H        -     0   0   22      7,-0.3     3,-0.1     4,-0.1     6,-0.1  -0.979  52.2-147.0-113.7 143.3   -5.8    6.2   -5.2
    7    7 S Q    >   -     0   0  102     -2,-0.4     3,-0.7     1,-0.3    29,-0.3   0.092  50.0 -45.8 -81.1-164.5   -2.3    7.4   -5.8
    8    8 S S  T 3  S+     0   0   21     27,-1.9    -1,-0.3     1,-0.2    26,-0.1  -0.299 123.2   4.3 -53.2 155.2   -1.1   10.9   -5.0
    9    9 S T  T 3  S+     0   0  150     -3,-0.1     2,-0.3     1,-0.1    -1,-0.2   0.674 102.8 117.0  39.9  41.2   -3.3   13.9   -5.9
   10   10 S T  S <  S-     0   0   63     -3,-0.7     3,-0.1     3,-0.0    -1,-0.1  -0.951  76.8 -79.1-135.4 151.8   -6.1   11.8   -7.3
   11   11 S R        -     0   0  227     -2,-0.3     2,-0.5     1,-0.2    -4,-0.1  -0.197  59.2 -96.5 -49.5 135.2   -9.8   11.4   -6.2
   12   12 S A        +     0   0   59     -6,-0.1     2,-0.3    -8,-0.1    -1,-0.2  -0.465  55.3 176.1 -61.9 109.7  -10.1    9.1   -3.1
   13   13 S T        -     0   0   58     -2,-0.5    -8,-2.5    -3,-0.1     2,-0.3  -0.881  13.8-162.9-113.9 146.8  -11.0    5.6   -4.5
   14   14 S T  E     -A    4   0A  73     -2,-0.3     2,-0.3   -10,-0.3   -10,-0.3  -0.968   5.3-174.9-122.4 149.3  -11.4    2.3   -2.7
   15   15 S K  E     -A    3   0A 120    -12,-2.7   -12,-3.0    -2,-0.3     2,-0.3  -0.806  25.1-118.9-119.9 170.7  -11.4   -1.3   -4.0
   16   16 S S  E     -A    2   0A  64     -2,-0.3     2,-0.3   -14,-0.2   -14,-0.2  -0.834  32.1-178.5-100.3 150.5  -12.0   -4.6   -2.3
   17   17 S C        -     0   0   31    -16,-2.5    23,-0.0    -2,-0.3     5,-0.0  -0.928  33.4-132.6-139.2 164.7   -9.3   -7.2   -2.2
   18   20 S E  S    S+     0   0  193     -2,-0.3    -1,-0.1    21,-0.0   -16,-0.1   0.800  75.0 102.2 -85.5 -35.6   -9.0  -10.8   -0.8
   19   21 S E        -     0   0   86      1,-0.1    -2,-0.2   -18,-0.1    21,-0.0  -0.011  69.8-138.3 -48.4 154.2   -5.7  -10.2    0.9
   20   22 S N  S    S+     0   0  114     19,-0.1     2,-0.2   -19,-0.1    -1,-0.1   0.690  86.8  58.7 -82.7 -23.9   -5.5   -9.7    4.7
   21   23 S S        -     0   0   18     33,-0.1    19,-2.9   -20,-0.1     2,-0.3  -0.666  60.6-173.0-106.3 161.3   -2.8   -7.0    4.1
   22   24 S C  E     -BC  39  53B   0     31,-2.1    31,-3.0    17,-0.3     2,-0.3  -0.957  12.6-155.1-149.0 162.4   -2.8   -3.6    2.2
   23   25 S Y  E     -BC  38  52B  15     15,-3.1    15,-1.8    -2,-0.3     2,-0.4  -0.905  21.6-143.6-142.4 161.5   -0.1   -1.1    1.5
   24   26 S K  E     -BC  37  51B  70     27,-2.9    27,-1.9    -2,-0.3     2,-0.3  -0.998  19.2-164.3-119.5 117.0    1.2    2.4    0.7
   25   27 S K  E     -BC  36  50B  38     11,-2.8    11,-2.6    -2,-0.4     2,-0.3  -0.774  16.5-178.6 -85.7 147.2    4.2    2.7   -1.7
   26   28 S Y  E     +BC  35  49B  87     23,-2.4    23,-2.1    -2,-0.3     2,-0.3  -0.980  14.0 151.2-151.6 140.6    5.8    6.2   -1.7
   27   29 S W  E     -B   34   0B  74      7,-2.2     7,-2.4    -2,-0.3     2,-0.3  -0.908  21.2-149.9-152.7 175.0    8.7    7.9   -3.5
   28   30 S R  E     +B   33   0B 175      5,-0.3     5,-0.2    -2,-0.3     3,-0.1  -0.981  27.1 148.7-154.4 151.8    9.7   11.5   -4.5
   29   31 S D        +     0   0  124      3,-1.0     4,-0.1    -2,-0.3    -1,-0.1   0.342  69.0  27.0-147.0 -72.3   11.7   13.0   -7.3
   30   32 S H  S    S-     0   0  171      2,-0.3     2,-1.5     1,-0.1    -1,-0.3   0.138 117.9 -48.5 -87.2-154.6   10.5   16.5   -8.3
   31   33 S R  S    S+     0   0  232     -3,-0.1     2,-0.3     2,-0.0    -1,-0.1  -0.107 121.8  43.9 -81.6  41.0    8.6   19.1   -6.2
   32   34 S A  S    S-     0   0   68     -2,-1.5    -3,-1.0     2,-0.0     2,-0.3  -0.920  81.0-111.5-174.4 156.4    6.1   16.5   -5.0
   33   35 S T  E     -B   28   0B  66     -2,-0.3     2,-0.7    -5,-0.2    -5,-0.3  -0.773  20.6-139.5 -96.6 138.6    5.9   12.9   -3.6
   34   36 S I  E     -B   27   0B  68     -7,-2.4    -7,-2.2    -2,-0.3     2,-0.4  -0.914  24.4-176.7 -99.8 109.3    4.3   10.1   -5.6
   35   37 S I  E     +B   26   0B  28     -2,-0.7   -27,-1.9    -9,-0.2     2,-0.3  -0.871   3.7 176.3-101.8 138.9    2.3    7.9   -3.2
   36   38 S E  E     -B   25   0B  51    -11,-2.6   -11,-2.8    -2,-0.4     2,-0.3  -0.928   5.8-167.9-142.2 158.0    0.5    4.7   -4.6
   37   39 S R  E     +B   24   0B  23     -2,-0.3     2,-0.3   -13,-0.3   -13,-0.2  -0.945  14.2 146.4-143.1 164.0   -1.4    2.0   -2.8
   38   40 S A  E     -B   23   0B  30    -15,-1.8   -15,-3.1    -2,-0.3     2,-0.2  -0.965  44.3 -66.1-178.9-170.3   -3.0   -1.4   -3.2
   39   41 S C  E    S+B   22   0B  34     -2,-0.3   -17,-0.3   -17,-0.3     2,-0.1  -0.537  87.9  26.6 -96.8 157.4   -3.9   -4.7   -1.5
   40   42 S A  S    S-     0   0   19    -19,-2.9    13,-0.2    -2,-0.2    -2,-0.2  -0.352  83.5 -96.5  82.3-170.7   -1.4   -7.3   -0.2
   41   43 S C        +     0   0   60    -20,-0.1    -1,-0.1    11,-0.1     2,-0.1  -0.499  48.7 169.8-147.4  69.7    2.1   -6.6    1.1
   42   44 S P        -     0   0   70      0, 0.0     2,-0.4     0, 0.0    -2,-0.0  -0.394  37.0-106.0 -78.2 162.4    4.8   -7.3   -1.6
   43   45 S K        -     0   0  167     -2,-0.1     2,-0.2     7,-0.0    -2,-0.0  -0.776  35.1-158.1 -92.8 138.9    8.4   -6.3   -1.4
   44   46 S V        -     0   0   32     -2,-0.4     3,-0.1     4,-0.1     6,-0.1  -0.461  20.2 -98.3-112.1 170.6    9.7   -3.4   -3.4
   45   47 S K    >   -     0   0  151      1,-0.2     3,-1.0    -2,-0.2    -1,-0.1  -0.585  54.6 -72.1-102.4 155.9   13.1   -2.3   -4.7
   46   48 S P  T 3  S+     0   0  125      0, 0.0     2,-0.6     0, 0.0    -1,-0.2  -0.003 113.1  24.7 -61.4 153.2   15.3    0.3   -3.0
   47   49 S A  T 3  S+     0   0  102      1,-0.1     2,-0.8    -3,-0.1    -3,-0.0  -0.325 100.2  93.4  90.1 -44.3   14.6    4.0   -3.1
   48   50 S V  S <  S-     0   0   51     -3,-1.0   -21,-0.2    -2,-0.6    -1,-0.1  -0.691  74.2-148.5 -78.9 106.8   10.9    3.3   -3.5
   49   51 S A  E     -C   26   0B  27    -23,-2.1   -23,-2.4    -2,-0.8     2,-0.3  -0.288  18.5-177.7 -76.9 165.4    9.6    3.3    0.0
   50   52 S I  E     -C   25   0B  39    -25,-0.3     2,-0.3    -6,-0.1   -25,-0.2  -0.977  18.9-172.4-154.1 156.6    6.7    1.3    1.4
   51   53 S H  E     -C   24   0B 124    -27,-1.9   -27,-2.9    -2,-0.3     2,-0.3  -0.869  11.6-163.8-149.0 137.5    4.5    0.5    4.4
   52   54 S C  E     -C   23   0B  32     -2,-0.3     2,-0.3   -29,-0.3   -29,-0.3  -0.830   7.1-168.4-118.8 156.1    1.9   -2.3    4.7
   53   55 S C  E     -C   22   0B  27    -31,-3.0   -31,-2.1    -2,-0.3     2,-0.2  -0.980  23.2-132.6-154.3 152.3   -0.9   -2.6    7.3
   54   56 S Q  S    S+     0   0   95     -2,-0.3     2,-0.3   -33,-0.2   -33,-0.1  -0.313  71.7  73.8-115.5  42.7   -3.3   -5.2    8.5
   55   57 S S  S >  S-     0   0   68     -2,-0.2     3,-1.9   -33,-0.1     4,-0.4  -0.987  85.4 -83.5-157.8 147.2   -6.8   -3.5    8.7
   56   58 S D  T 3  S+     0   0   81     -2,-0.3   -53,-0.2     1,-0.3    -2,-0.1  -0.236 110.6   0.9 -57.7 136.6   -9.5   -2.3    6.3
   57   59 S K  T 3  S+     0   0  100    -55,-2.4    -1,-0.3     1,-0.1     3,-0.2   0.652  93.6 122.4  55.8  23.0   -9.0    1.2    4.9
   58   60 S C    <   +     0   0   42     -3,-1.9     2,-2.2     1,-0.2    -2,-0.1   0.875  55.8  75.5 -69.4 -38.3   -5.7    1.6    6.8
   59   61 S N              0   0    2     -4,-0.4    -1,-0.2    -6,-0.1   -36,-0.1  -0.311 360.0 360.0 -82.9  57.2   -3.7    2.1    3.6
   60   62 S Y              0   0  126     -2,-2.2    -2,-0.1    -3,-0.2    -3,-0.0   0.019 360.0 360.0 -81.4 360.0   -4.8    5.8    2.9